-279.71643
-1829.08914
-424.02550
-506.54849
-485.37918
-841.07625
-717.32619
-708.78673
-696.29026
-1153.68973
-278.35224
-1257.29682
-216.13791
-883.77322
-1726.74858
-2270.40698
-166.63151
-779.54152
-1342.02354
-939.18111
-593.59690
-1323.61378
-403.71323
-708.48017
-650.62576
-843.51022
-399.82111
-838.36197
-602.41626
-3624.79711
-755.38619
-231.66232
-762.37428
-397.28958
-1356.02927
-1724.69629
-1700.43127
-370.21100
-734.12500
-1570.29692
-957.77560
-226.80720
-325.29967
-318.76072
-376.77958
-1201.68851
-773.99789
-1544.85922
-568.53660
-340.98656
-271.71526
-823.53813
-990.28357
-5273.95121
-516.10690
-396.86869
-1528.04351
-632.98932
-608.80714
-274.96835
-1032.36814
-338.78850
-593.18539
-1060.86741
-1086.70191
-579.05599
-279.68094
-502.42424
-443.71481
-1202.90752
-214.22652
-1317.51527
-620.14484
-201.97086
-1931.89384
-529.00824
-865.35931
-478.47924
-556.89350
-928.52175
-1456.51413
-388.16405
-2129.47044
-1034.33780
-537.20470
-306.33991
-332.89119
-4568.89225
-1339.03919
-343.56476
-356.55528
-1133.76792
-531.04701
-431.43309
-923.64498
-863.83755
-418.96710
-226.24908
-2510.21921
-233.94103
-1475.36528
-1195.68132
-2830.08356
-541.18798
-328.61088
-490.64700
-1392.85705
-1039.92438
-558.90639
-325.60976
-498.16885
-287.60315
-239.92181
-328.78318
-1355.61685
-388.00585
-541.65185
-263.44791
-1193.83282
-289.75075
-947.70267
-559.66503
-1405.11632
-1792.22017
-180.11398
-552.97988
-487.84864
-435.78673
-1212.23799
-257.53061
-811.07843
-354.97534
-632.12847
-535.80267
-232.22496
-659.37829
-1156.93508
-952.67875
-410.07774
-1068.57852
-929.29116
-462.96729
-358.37555
-199.82942
-381.97134
-2196.79359
-444.61187
-978.55776
-2034.79942
-307.22868
-476.15581
-1382.83358
-1255.81571
-409.44241
-352.81699
-838.00078
-2063.01577
-1528.21407
-669.98323
-358.32240
-1695.72534
-1188.57121
-266.17047
-987.71302
-4206.71627
-1401.01494
-818.91593
-439.23565
-467.10550
-877.46387
-290.33977
-343.18703
-915.50876
-426.15219
-1880.17715
-1926.81027
-1547.59941
-287.28909
-2161.65310
-219.84315
-1006.18449
-2933.16760
-447.02997
-1327.28394
-944.49115
-457.09193
-447.71166
-1384.61736
-459.87069
-250.09657
-557.67601
-911.56417
-476.17495
-208.11680
-528.93625
-756.78635
-2560.32212
-268.35090
-317.79968
-289.75190
-197.74695
-761.47050
-894.38122
-1774.62754
-226.71087
-1107.61926
-460.72721
-247.59485
-446.78934
-5868.80627
-351.29096
-1591.07044
-204.25622
-237.29799
-210.18084
-507.85117
-1226.43433
-570.67493
-754.92679
-287.94188
-359.99895
-970.84943
-4447.50062
-826.00621
-890.29239
-1298.68905
-228.64263
-439.99380
-428.74348
-2265.75570
-222.50338
-715.19220
-646.81753
-661.39345
-1613.67344
-479.71175
-611.83399
-2044.05983
-728.20459
-170.65697
-665.03063
-1164.00944
-237.98695
-409.45931
-333.43440
-375.70117
-1228.08406
-442.73772
-4860.05735
-361.75659
-829.46870
-1218.45853
-513.71085
-1436.97827
-2177.92788
-1807.31694
-869.20189
-1880.15281
-581.50757
-467.13364
-886.10354
-602.98680
-500.95170
-2265.91950
-1054.94972
-533.56696
-284.37061
-916.12696
-257.80412
-1573.04699
-846.80013
-215.80713
-686.65661
-474.20727
-1875.32576
-1150.82307
-231.47021
-861.53139
-1865.87018
-504.02361
-401.08224
-1065.68903
-519.66654
-240.81563
-804.66732
-415.07059
-288.29259
-1183.08118
-830.16256
-1540.90185
-1223.70358
-729.86479
-555.16528
-1440.73988
-373.93991
-411.41293
-415.05190
-211.86661
-674.77036
-713.85590
-430.36657
-2898.37341
-1324.60523
-587.41867
-1934.67024
-803.25580
-654.14947
-2369.55365
-685.25866
-278.59512
-538.78417
-221.21042
-729.79416
-551.42560
-399.51711
-288.02384
-433.50643
-764.17491
-456.06375
-755.82255
-492.58640
-2810.48440
-568.56653
-320.31587
-404.65000
-1398.30816
-2961.83962
-549.12280
-700.36126
-475.72159
-1468.61290
-522.91201
-415.63858
-296.01993
-855.77719
-1633.49123
-1282.84508
-647.44884
-929.37090
-322.69930
-896.31821
-650.97419
-279.06354
-530.10592
-497.01132
-783.17468
-319.53449
-1548.55788
-1099.04341
-272.92789
-1403.95944
-364.69551
-1060.01587
-706.26868
-1013.05996
-1722.93589
-1886.65502
-676.12147
-292.64963
-1121.58757
-262.30287
-196.05657
-1193.60670
-936.44872
-468.48953
-1493.47332
-581.63390
-238.06357
-872.58059
-554.46182
-1937.98386
-598.42410
-509.11425
-980.04381
-467.50945
-1557.93056
-693.62005
-1314.14704
-1115.23848
-507.55538
-1107.01516
-548.31363
-505.07066
-324.83549
-1257.24321
-805.34387
-939.53495
-926.92083
-548.03934
-273.56139
-704.56156
-423.64248
-295.37491
-611.61592
-507.87997
-286.64306
-748.33710
-888.71950
-832.05196
-1046.29005
-1626.66045
-1510.83693
-1279.14867
-1066.27995
-452.72365
-189.03865
-286.64306
-993.85802
-493.27511
-2539.76960
-538.08059
-753.77099
-388.02455
-543.84037
-497.75162
-544.73647
-1601.31491
-510.82509
-277.74269
-466.83295
-555.46586
-626.01523
-2098.32117
-1599.33505
-349.15078
-445.44736
-484.08679
-1314.33363
-232.80640
-677.81450
-572.36767
-1260.99930
-763.75579
-826.27085
-1097.19844
-253.59748
-1110.68130
-414.31464
-1202.49823
-470.13508
-284.45847
-429.69826
-482.76955
-598.85702
-287.02883
-1057.31580
-1086.27681
-563.87651
-151.52144
-792.13535
-1225.65949
-827.72912
-1213.54058
-163.01390
-512.75640
-584.19911
-384.30080
-284.43786
-272.39294
-792.63433
-158.07774
-164.70735
-320.04430
-254.32315
-297.38530
-449.41393
-1094.00594
-285.05555
-248.74689
-587.33568
-163.09942
-169.66876
-337.79936
-945.99975
-323.88932
-471.49664
-745.71658
-672.44555
-422.79943
-515.50425
-652.81793
-208.22347
-527.98234
-1858.89023
-663.79468
-559.15882
-1418.88769
-504.33517
-766.24242
-421.23955
-1207.47477
-1514.61236
-1852.64425
-607.46792
-969.96065
-445.94297
-752.76190
-828.78748
-955.60843
-803.76576
-183.11283
-204.92771
-611.64785
-467.32591
-2316.67745
-1088.13486
-1867.71230
-646.42962
-1081.76235
-193.38237
-418.54729
-785.92193
-755.86175
-1088.11685
-267.99665
-538.76533
-413.32213
-254.48595
-579.63362
-337.40033
-312.31100
-1937.49320
-218.99857
-489.16964
-680.67400
-811.82676
-303.41971
-523.09548
-947.08652
-599.72216
-561.12511
-481.07494
-465.67066
-605.03981
-498.49814
-205.18458
-636.94550
-582.88556
-547.43230
-606.50943
-3460.55354
-726.37347
-1618.79740
-709.85761
-928.19871
-560.15943
-478.28683
-810.27803
-1817.40780
-2012.68199
-420.67139
-2947.23728
-1204.17784
-786.59220
-2490.09714
-584.77432
-229.08764
-464.78576
-1953.46881
-1036.74623
-363.21509
-2222.63610
-1079.15537
-2421.35334
-943.27999
-1477.84174
-513.32806
-561.18705
-168.93487
-1179.49487
-305.82939
-647.29213
-631.15450
-1497.90309
-523.89676
-2307.25851
-492.89956
-777.62422
-416.66254
-247.22755
-1435.91438
-1305.51495
-179.28463
-1391.76687
-2092.83390
-142.86625
-188.25952
-181.47884
-693.06070
-1307.34741
-1473.87429
-202.52827
-355.53242
-689.32742
-699.33583
-337.21172
-544.74977
-531.66127
-543.18968
-1355.30546
-725.90807
-662.16160
-546.96801
-563.07246
-900.69226
-1195.64780
-1191.83728
-810.68272
-1065.00461
-547.20354
-795.47115
-463.09302
-264.21226
-533.77515
-463.32724
-810.44986
-877.44399
-1049.28573
-1469.48261
-279.28998
-1230.88721
-2103.66743
-394.93481
-443.88920
-940.33093
-492.58703
-534.89910
-671.62035
-193.68334
-460.62004
-1296.51468
-325.57269
-432.38656
-1290.02287
-750.54472
-607.36042
-621.80357
-277.28557
-667.78638
-2345.56819
-473.13354
-1828.31213
-416.86045
-360.67436
-458.89496
-1019.28122
-1157.49222
-918.57706
-216.31561
-554.96815
-826.13534
-845.20793
-574.12804
-652.80715
-1311.11509
-1169.68519
-1579.43967
-794.59227
-747.97720
-786.63612
-230.40450
-431.86950
-1124.01472
-148.95632
-929.33695
-590.66988
-230.41783
-362.70695
-941.09286
-614.93411
-1489.21637
-156.48530
-495.08940
-173.77112
-612.31642
-327.68876
-395.93757
-606.78926
-2255.86024
-2166.58477
-570.34407
-697.74009
-2118.50435
-555.58656
-409.79971
-1993.63143
-288.41613
-592.05337
-587.03255
-308.34828
-1350.28307
-850.73248
-328.68082
-1014.85907
-1190.93846
-1161.80121
-1056.36131
-301.22451
-710.06228
-1160.05130
-1445.80150
-821.36033
-912.96767
-376.33172
-1207.04817
-553.98041
-451.55934
-176.73173
-1550.25706
-1436.90760
-249.72696
-1523.87196
-405.05388
-699.14375
-1002.22635
-599.75820
-249.49301
-2727.82252
-591.06638
-186.66314
-724.85162
-838.05758
-254.19613
-213.26713
-175.83180
-493.78028
-23