-293.41197
-1912.20457
-461.72320
-518.78297
-493.57562
-898.54743
-781.91322
-835.75148
-685.85863
-1203.77707
-282.76138
-1260.14209
-216.25423
-907.86791
-1738.51883
-2374.73880
-161.77178
-777.90197
-1367.39196
-974.36445
-597.68888
-1308.84542
-397.73944
-721.46237
-669.94703
-866.71078
-438.92673
-847.83412
-629.66027
-3984.87844
-757.40260
-233.68629
-786.06861
-423.93285
-1414.38716
-1695.06566
-1732.13972
-366.80253
-761.30155
-1662.33791
-1060.46974
-212.47324
-337.63764
-321.01314
-371.65255
-1256.27409
-770.74858
-1629.81141
-594.79140
-352.48693
-265.79810
-814.39995
-982.70043
-5861.39029
-568.27494
-406.05342
-1716.76256
-676.86463
-643.24004
-264.86873
-1110.61570
-362.66459
-605.35530
-1047.49326
-1096.49831
-571.42468
-308.18497
-532.93069
-465.23844
-1242.37495
-212.47014
-1369.75576
-611.76312
-202.12344
-2068.27038
-549.47689
-854.47711
-471.89714
-572.81338
-1041.83267
-1466.21682
-405.00137
-2280.81183
-1073.74572
-577.22013
-320.31412
-321.27814
-5216.84710
-1426.83121
-344.38253
-365.12487
-1192.82662
-557.12113
-455.70033
-937.18462
-928.57342
-426.17132
-225.78405
-2689.54160
-253.57279
-1611.28775
-1219.53436
-2870.07058
-529.49028
-319.38640
-498.37110
-1519.61281
-1091.11059
-564.00987
-355.24410
-501.65397
-284.53012
-231.98097
-357.80551
-1396.06351
-391.20663
-521.34698
-254.96933
-1231.67249
-279.42777
-972.01331
-565.33632
-1501.48967
-1853.98583
-172.80724
-541.93691
-507.43167
-439.84801
-1216.97193
-254.25661
-885.13945
-356.44623
-689.16337
-529.48708
-226.58929
-660.59642
-1183.46968
-967.32248
-425.79086
-1114.37062
-946.55171
-457.88466
-362.06188
-197.30807
-378.01088
-2327.19953
-440.21922
-1075.20048
-2270.61063
-300.39493
-486.03679
-1513.45205
-1327.40043
-456.98226
-345.41242
-849.23584
-2140.51789
-1526.65502
-698.45732
-350.92504
-1848.53240
-1281.63847
-253.12678
-1000.78142
-4628.42637
-1516.94741
-885.04022
-447.25537
-529.75524
-967.53268
-296.96676
-362.78716
-937.32672
-424.59520
-1960.92101
-1932.98113
-1590.16376
-296.62798
-2567.55642
-227.23756
-1077.80477
-3041.34924
-439.88108
-1402.77647
-1161.67668
-467.44950
-483.17839
-1572.74014
-462.94586
-244.80510
-566.68469
-1023.97151
-489.01728
-196.64711
-527.66991
-755.97089
-2799.11177
-266.46634
-309.98743
-287.15790
-200.99984
-794.59264
-936.65702
-1944.62040
-237.29706
-1210.24519
-443.00393
-269.62364
-449.05071
-5983.52685
-376.72106
-1644.13631
-200.37632
-229.27387
-198.57472
-529.24290
-1314.92674
-567.93898
-785.42618
-294.41232
-363.05977
-1076.12703
-4944.43878
-822.80961
-911.90316
-1372.31493
-232.28159
-446.99905
-434.21057
-2420.52711
-232.37870
-751.13864
-666.31256
-686.50599
-1588.55803
-532.03078
-681.96028
-2120.12896
-729.08033
-165.89627
-664.68756
-1285.69450
-238.79047
-453.06671
-367.78436
-372.36182
-1250.96728
-439.16369
-5390.74255
-370.28782
-862.07484
-1219.67271
-516.89127
-1455.58518
-2294.72032
-1862.87357
-890.57426
-1934.60379
-585.49070
-469.19582
-909.71018
-643.69400
-511.05668
-2576.40404
-1057.75655
-578.18469
-284.52161
-1049.30994
-270.95925
-1647.29300
-919.95049
-220.25163
-698.82479
-488.83222
-1901.15421
-1323.41916
-246.20134
-896.81130
-1960.07028
-518.49800
-427.70894
-1134.00539
-512.07254
-242.94628
-794.57513
-413.19716
-300.22863
-1176.11653
-862.21827
-1589.77727
-1225.91449
-751.96925
-600.34166
-1481.03094
-372.60997
-411.41144
-411.05852
-214.25944
-683.37054
-727.94372
-448.79122
-2931.97614
-1410.59542
-603.04487
-2164.24491
-804.18152
-659.25336
-2542.15533
-703.94765
-281.61040
-546.59674
-236.20006
-748.35512
-589.67329
-397.78327
-292.07614
-427.68217
-798.63726
-461.61814
-808.27907
-509.26847
-2934.57883
-580.75320
-323.05998
-419.51752
-1469.88158
-3212.51270
-556.28464
-695.44923
-468.01984
-1489.22328
-547.07721
-407.42520
-290.88946
-873.92982
-1647.51976
-1401.88852
-656.04980
-924.88232
-328.39956
-887.19832
-652.46583
-270.94717
-554.76668
-517.67499
-834.53506
-342.52922
-1643.30178
-1170.67780
-273.46681
-1420.51834
-376.56239
-1067.35138
-705.60871
-1090.45794
-1786.66145
-2099.13680
-685.89493
-309.47669
-1132.90900
-254.14226
-190.56733
-1206.89163
-922.01861
-471.15335
-1595.97554
-602.92991
-224.54436
-867.11788
-602.93328
-2002.99451
-599.61485
-523.93947
-1006.25764
-482.37370
-1688.75008
-664.44673
-1344.41916
-1138.76197
-519.34108
-1104.21429
-547.78174
-522.06080
-325.25355
-1359.76115
-871.23199
-1001.45841
-966.33310
-605.75768
-270.25801
-719.12595
-428.49151
-303.38425
-678.11093
-505.89310
-299.02872
-761.58580
-846.29205
-815.64198
-1169.21186
-1694.72968
-1671.03693
-1366.09139
-1116.06685
-478.87254
-196.64394
-299.02872
-1061.51800
-485.01250
-2789.25504
-564.58274
-816.78576
-411.83314
-577.58504
-494.06768
-612.99282
-1621.23527
-515.87810
-270.37225
-464.24403
-571.69920
-616.43928
-2239.10335
-1723.94551
-343.27043
-449.56497
-505.99844
-1344.13125
-250.44851
-743.59671
-593.84627
-1342.12505
-863.69086
-845.93878
-1108.08170
-251.39605
-1173.68666
-417.97217
-1219.70032
-507.94948
-277.07302
-422.11132
-501.80985
-630.84268
-286.01990
-1076.34483
-1070.40828
-617.43733
-161.09276
-841.75010
-1204.08325
-909.22567
-1239.34484
-153.02261
-547.80104
-609.38328
-438.66778
-285.83345
-267.82988
-809.56632
-150.33707
-162.98743
-319.43001
-267.68589
-294.23729
-454.94602
-1086.17544
-287.34672
-231.97299
-607.21063
-153.33073
-173.02824
-330.48720
-1047.11784
-327.65933
-465.40957
-782.91666
-674.59305
-426.33454
-511.75313
-703.73021
-200.60945
-574.01490
-1984.33710
-673.52924
-570.50302
-1459.92957
-530.10684
-825.21462
-425.89940
-1291.30457
-1646.57697
-1927.27065
-651.86417
-968.04005
-445.96407
-774.98385
-817.11480
-1052.54398
-882.87340
-186.91030
-196.15274
-603.50125
-496.00071
-2302.08340
-1264.65816
-2040.72275
-663.93050
-1240.66670
-193.34886
-411.11990
-858.47246
-775.49941
-1155.54674
-255.83460
-563.27542
-401.27341
-263.29095
-600.66154
-346.01625
-322.51522
-2070.78534
-216.45697
-471.62195
-740.29003
-856.91442
-291.07258
-531.12623
-1033.07513
-620.43012
-586.79425
-470.29192
-503.27578
-626.87016
-519.52073
-198.97654
-652.20521
-587.18938
-572.02307
-610.34577
-3704.14458
-725.95043
-1833.02208
-727.10482
-945.23394
-576.28034
-503.15797
-861.30901
-2017.52697
-2240.64467
-455.24344
-3057.90920
-1230.65887
-800.37168
-2600.87089
-636.10105
-229.72840
-502.27610
-2191.71636
-1112.92618
-359.83988
-2568.74619
-1065.30006
-2486.38435
-941.54674
-1483.09409
-527.07546
-533.79064
-175.80739
-1192.87197
-305.57927
-651.62032
-639.24935
-1520.75980
-562.71162
-2463.18106
-506.30484
-859.11829
-425.18792
-268.40851
-1527.58337
-1374.33176
-173.72979
-1373.11200
-2108.43975
-162.95513
-188.03986
-181.52313
-771.96642
-1305.68892
-1597.60501
-206.92525
-379.90519
-707.61511
-760.13467
-335.33466
-547.57578
-600.87634
-551.20041
-1449.35345
-759.16946
-681.07152
-564.81863
-588.27240
-940.55706
-1217.44549
-1244.37215
-857.13871
-1149.52959
-540.29414
-790.70699
-494.69465
-268.11088
-543.28321
-482.87949
-864.18077
-886.99577
-1069.01849
-1480.26337
-277.12567
-1232.86991
-2371.32528
-414.79610
-489.06962
-966.02327
-504.20566
-526.40775
-692.95379
-189.01056
-484.68699
-1308.92606
-330.35973
-449.20044
-1284.28370
-813.13032
-645.62188
-641.09820
-281.18259
-683.11179
-2759.37013
-502.42538
-1868.77001
-424.85561
-396.88846
-472.68973
-1098.14220
-1173.11448
-922.46829
-231.43737
-556.00184
-832.25041
-880.40030
-592.82209
-675.32565
-1339.85423
-1211.65679
-1641.86547
-788.80595
-772.57366
-892.17647
-223.33930
-436.25358
-1121.87252
-141.13942
-1001.50460
-605.27114
-238.12520
-352.61455
-942.49875
-636.58416
-1609.57362
-159.64308
-512.92167
-177.34066
-662.41540
-329.50327
-408.13979
-600.87901
-2460.01722
-2342.93598
-617.36204
-699.92577
-2363.85205
-561.90794
-414.10291
-2107.05933
-280.68616
-597.81806
-581.25898
-299.40995
-1361.94986
-897.19171
-329.88412
-1069.99883
-1307.70749
-1292.81285
-1068.06593
-288.63013
-767.02845
-1342.29424
-1517.36994
-818.72229
-959.09204
-395.69272
-1215.36979
-581.02940
-463.50320
-179.90694
-1519.75245
-1444.25056
-266.89298
-1538.78298
-428.42179
-716.25516
-1013.23582
-655.64074
-243.24883
-2768.89433
-613.98995
-180.73727
-729.34402
-845.56181
-253.30480
-214.25106
-175.72193