-306.66977
-1961.86288
-509.24807
-534.34774
-489.24783
-986.24714
-805.05889
-855.66596
-697.14378
-1210.79653
-265.73788
-1313.02759
-216.84970
-936.60982
-1800.24181
-2427.03552
-167.05404
-794.74662
-1435.02301
-976.98771
-613.65177
-1363.07866
-408.29631
-719.11907
-702.49568
-880.88103
-442.75285
-857.85105
-636.70843
-4063.13122
-779.07955
-242.34601
-788.93707
-438.95010
-1514.06342
-1799.91373
-1723.68836
-374.55441
-807.09845
-1739.18578
-1079.07051
-215.30158
-365.37806
-330.24916
-376.76274
-1283.44046
-781.00999
-1663.07762
-592.65705
-349.64941
-265.83120
-852.67371
-1002.72652
-5916.08008
-565.48043
-404.55025
-1738.74496
-685.31638
-657.67551
-266.20755
-1125.85629
-354.59577
-628.22403
-1078.03369
-1119.15554
-582.50882
-319.38218
-533.30465
-503.43430
-1255.03823
-218.61562
-1399.32940
-617.08403
-199.78039
-2116.34155
-565.13872
-879.74347
-477.18099
-587.62409
-1042.80501
-1530.06668
-408.46481
-2374.77371
-1080.01440
-596.82386
-329.26628
-331.33919
-5325.62745
-1481.84802
-347.45013
-365.23656
-1210.96657
-561.32860
-462.98834
-941.90012
-932.61074
-428.37649
-234.96934
-2730.35898
-253.98382
-1605.91842
-1227.56580
-2988.83500
-555.03236
-325.69608
-512.96410
-1572.98139
-1118.29724
-567.88364
-348.04280
-508.23619
-296.53896
-241.32064
-364.59328
-1524.22038
-450.27486
-536.49584
-255.27041
-1304.28700
-281.79661
-1020.78897
-558.64670
-1520.79010
-1847.71471
-181.80705
-564.65873
-521.04702
-444.39108
-1232.17494
-253.81841
-887.82156
-359.99737
-691.36278
-530.32646
-231.88093
-661.28203
-1201.26634
-980.24732
-429.81187
-1121.53922
-960.85265
-474.64129
-379.06605
-199.75051
-391.28685
-2323.50856
-458.54891
-1121.37762
-2313.78720
-309.97923
-492.68557
-1529.74920
-1447.58534
-457.25541
-361.18562
-863.23450
-2190.96078
-1550.38020
-684.72502
-361.75373
-1841.92709
-1285.26978
-260.30651
-1016.14901
-4717.21758
-1562.54162
-918.89492
-454.92852
-532.55400
-984.42670
-305.31607
-370.94304
-941.48567
-430.30661
-1976.68979
-1941.99168
-1700.36375
-305.82599
-2677.78353
-245.92367
-1094.87712
-3053.80587
-460.26078
-1408.05908
-1200.19645
-500.68176
-494.73326
-1602.31151
-476.29128
-251.83305
-572.85624
-1031.08878
-489.21294
-210.56151
-524.96182
-820.51060
-2992.16502
-284.71851
-335.00421
-306.72152
-196.51812
-853.29699
-957.79585
-1979.54996
-232.91848
-1218.43406
-462.23367
-262.60457
-452.49677
-6153.21945
-372.19538
-1629.40606
-215.87578
-237.18080
-205.93669
-535.70886
-1365.04361
-563.60461
-796.58367
-293.98149
-358.42031
-1084.10064
-4994.79321
-815.72463
-919.94568
-1416.63421
-232.11461
-473.85412
-447.91484
-2632.27602
-228.63339
-764.34743
-708.64005
-699.98841
-1662.50786
-544.06894
-688.37900
-2184.81970
-773.42478
-174.68529
-677.40872
-1317.68234
-251.27841
-451.70292
-388.74444
-379.58034
-1256.53424
-447.02351
-5598.29124
-370.34435
-875.70313
-1232.41964
-523.72176
-1454.15809
-2438.97867
-1932.91481
-927.08525
-2002.63274
-577.03137
-471.05084
-953.77315
-642.97806
-523.83566
-2622.35182
-1073.50778
-604.49896
-284.36937
-1049.97312
-278.22922
-1702.38209
-954.78056
-222.23763
-714.08893
-497.57129
-1961.69472
-1340.44351
-243.95454
-922.93413
-2055.97148
-520.13125
-426.47580
-1171.80647
-515.85750
-230.68250
-812.90284
-419.29198
-304.25636
-1171.54508
-879.92774
-1711.81872
-1300.48732
-788.50198
-603.83634
-1481.88730
-376.46620
-419.75084
-406.81482
-221.49703
-689.06914
-728.70684
-451.04096
-2926.19079
-1428.00625
-608.76686
-2242.83580
-799.09168
-662.38987
-2626.00037
-731.28296
-274.75972
-577.95570
-233.02673
-749.10681
-611.15525
-411.01341
-291.14797
-431.30626
-837.56145
-462.87136
-848.06854
-509.10660
-2945.03934
-584.24673
-330.36407
-424.43725
-1471.14987
-3237.72398
-591.30321
-733.49571
-482.57448
-1573.17454
-554.50377
-413.76559
-292.88900
-896.82138
-1730.72986
-1409.99005
-668.02809
-969.99964
-335.12728
-966.35111
-680.62468
-278.10271
-556.61882
-525.13032
-855.61077
-339.32929
-1816.36183
-1239.49007
-281.13766
-1430.70048
-369.91126
-1069.41802
-714.23652
-1130.11419
-1805.09160
-2116.81862
-701.79666
-311.95751
-1176.20628
-266.89048
-185.49178
-1202.02760
-912.76380
-473.34604
-1652.74443
-637.72997
-234.83773
-902.56624
-652.63867
-2012.83944
-595.45017
-563.71835
-1004.07095
-493.39563
-1693.72259
-734.29627
-1365.58739
-1143.31999
-533.99960
-1136.05534
-553.24432
-539.04332
-340.33035
-1394.02611
-904.60636
-1038.15962
-1011.07719
-626.59342
-267.78167
-719.71981
-454.56146
-302.91943
-700.33209
-516.21458
-301.87040
-762.37114
-923.88599
-852.30272
-1183.28635
-1762.46869
-1694.83380
-1394.29753
-1147.06484
-497.83158
-204.45509
-301.87040
-1054.40779
-504.07493
-2848.39479
-570.25985
-864.67818
-414.26269
-610.30473
-509.09790
-657.10069
-1651.58544
-538.88881
-269.25868
-472.46837
-564.98696
-666.68427
-2418.24850
-1791.55748
-333.40205
-496.81158
-507.85669
-1470.35352
-252.13075
-743.43003
-587.98690
-1359.62764
-877.25574
-864.82399
-1104.44447
-255.99797
-1175.35027
-422.16270
-1216.28235
-506.35318
-296.47295
-435.75945
-528.45014
-632.03514
-309.76514
-1165.10652
-1075.29194
-630.12177
-162.56996
-858.80535
-1201.41272
-978.48497
-1230.55514
-161.72952
-543.21490
-595.52592
-433.41345
-305.78457
-285.42580
-858.23046
-166.81669
-162.50597
-346.25652
-274.32394
-314.17177
-462.37228
-1102.68105
-298.01516
-245.57668
-622.71723
-168.76224
-170.22320
-355.19799
-1027.04477
-330.23967
-462.48504
-805.35882
-670.50218
-423.51764
-532.09238
-759.81289
-202.92999
-585.31158
-2059.09168
-699.85500
-571.89173
-1474.10269
-554.36285
-849.44714
-428.73041
-1286.46693
-1667.63462
-2001.01222
-654.36979
-984.54663
-451.85832
-778.75996
-826.89454
-1052.18518
-930.89504
-186.88735
-195.03281
-620.51694
-524.65074
-2307.25574
-1303.80215
-2116.17315
-677.69659
-1237.07158
-196.87609
-412.53818
-947.10760
-766.05427
-1179.68731
-279.70617
-588.85084
-428.88431
-263.39175
-597.90376
-360.14981
-319.66693
-2111.64836
-228.64231
-491.23667
-739.75027
-882.12036
-300.43717
-530.98146
-1053.12559
-641.75397
-598.89762
-508.14311
-530.06528
-635.01961
-533.73895
-207.42629
-647.11114
-584.59939
-612.32393
-613.45039
-3711.50833
-751.83149
-1873.65647
-724.82923
-935.79409
-604.86604
-549.38555
-896.45243
-2023.29075
-2339.12181
-491.87578
-3198.78258
-1339.74804
-844.99353
-2626.93645
-644.07269
-241.43324
-513.11713
-2188.73669
-1144.43971
-382.30173
-2679.84620
-1079.10483
-2505.30489
-979.70796
-1490.32842
-559.30684
-554.03558
-180.22455
-1294.37264
-305.90726
-681.45969
-653.53726
-1552.97573
-580.03614
-2509.06310
-534.14218
-873.00757
-462.68949
-280.71551
-1553.99813
-1399.78922
-175.50250
-1488.85884
-2118.32491
-155.56135
-206.68410
-179.46924
-830.55878
-1325.78844
-1651.32216
-207.21923
-374.39666
-728.12244
-788.91343
-332.32055
-569.27468
-608.51872
-561.86738
-1585.33737
-786.09086
-725.55455
-584.46951
-602.71072
-948.86327
-1216.00505
-1351.46069
-856.55867
-1183.94858
-559.86112
-828.04537
-500.97650
-270.69940
-542.42475
-540.59224
-853.76734
-927.67313
-1073.59089
-1493.31611
-282.33173
-1331.00931
-2465.06630
-403.86657
-496.40814
-1048.88244
-542.38136
-531.66171
-722.63230
-189.90017
-483.07059
-1401.24080
-326.53866
-464.80529
-1369.16424
-890.89167
-660.19787
-659.84376
-274.24264
-718.18669
-2769.79755
-509.18207
-1861.63373
-427.22290
-399.54933
-464.94866
-1102.68445
-1160.52320
-948.21812
-240.28556
-579.20802
-835.01673
-928.80563
-604.07651
-690.13148
-1382.57506
-1251.56277
-1768.04422
-800.88796
-792.69530
-929.70657
-223.12692
-453.69743
-1125.08762
-147.41436
-1032.78247
-616.68795
-229.42698
-368.98229
-961.31413
-632.88354
-1647.28169
-156.29200
-535.27254
-187.65928
-691.13877
-339.23498
-410.24733
-597.63971
-2439.34627
-2388.65039
-645.72108
-723.01793
-2378.42402
-563.32723
-421.01210
-2203.31793
-277.28466
-593.37947
-582.15146
-305.79557
-1418.86505
-893.48401
-336.73123
-1071.93983
-1348.74045
-1333.13996
-1065.88849
-288.68280
-786.33210
-1339.89809
-1619.44682
-865.02427
-1030.37337
-450.39098
-1213.69808
-619.65822
-461.34348
-185.43590
-1568.70006
-1544.24880
-258.57656
-1584.40251
-449.99331
-717.41069
-1047.35925
-665.18592
-239.64369
-2933.15779
-613.99661
-192.51471
-739.12563
-848.16412
-257.50326
-215.34124
-175.32573
-502.99203
-240.30721
-158.49482
-819.12748
-223.93179
-225.16971
-651.39385
-180.93687
-718.43092
-123.32978
-408.66073
-285.10822
-381.01755
-246.71827
-623.29444
-864.10906
-401.02634
-1293.93060
-196.81065
-1696.84361
-782.47084
-602.24364
-431.36085
-177.52441
-405.16535
-2129.06779
-286.31982
-2429.64880
-424.72350
-1017.28997
-1404.62947
-310.63288
-714.30553
-259.47515
-932.11787
-1229.75078
-438.33862
-1337.89059
-635.62152
-1330.27729
-2337.19426
-644.76727
-450.11608
-1238.12301
-564.30307
-281.03289
-352.78985
-945.07721
