16.8674615566 23.0585143146 3.2902456374 0.1000614527 1.1837170388
70.6756771234 3.3924188662 205.7305205599 0.7668690098 18.9345144408
0.1000253696 2.0811250162 0.1000157466 73.1188197715 0.1000140962
46.2863357065 4.0343918217 0.1000217626 0.1000227846 26.9792279246
14.8626251083 0.1000276098 36.0693197464 11.2816766086 16.1863509268
0.1000196249 52.7690439997 0.1008813667 97.5047446520 1.0253103567
84.1456725281 0.1000191359 2.0553623596 5.2401265726 27.9588194038
78.2315961158 5.1092441064 12.7731330508 1.7314562992 27.6545704278
31.5202583818 0.1001813212 33.6224555866 38.0688730687 3.1882316418
8.1096594826 19.3718116435 20.0821649095 112.9363214146 22.0000425497
0.1000608284 0.1000141733 20.1621331913 9.8912663442 13.2465254627
17.3869665040 3.7405110390 9.8648759825 168.8513507167 3.6562957578
1.7545053036 0.9852603645 4.7450700480 25.9151520634 0.1000122204
6.4709514232 0.1000161197 91.2172990847 45.6117048665 0.1000285059
96.4643844897 2.1264974658 167.7400105368 3.0687611607 0.1003463470
69.0643283250 4.1955414150 27.0626861162 259.1650044685 15.0124396753
5.5044861691 0.1000113759 19.6954526610 0.1000383230 0.1000114709
36.6448325102 0.1000245491 55.6413597791 0.1000201802 25.0137629814
25.2590424044 0.1000245293 4.3772019328 200.7704906607 2.9932404727
0.1000265009 79.3010656874 0.1526246945 60.3666387342 11.5796443829
5.4676235924 4.3085404133 1.2115181297 88.4122888175 0.1000290471
30.2827357961 9.3515441858 50.0633539581 121.5910873694 2.2112786906
12.6368472298 8.3147468381 15.3075642853 13.2705706682 11.9702709786
7.1128391696 18.5608250396 7.1181596921 70.3678126952 16.3403634036
0.1000248241 0.1000160178 102.6310036836 6.5689423895 0.1000130850
4.8190247144 99.2635580955 1.5286921210 29.3694149813 10.5193100878
50.5779915197 0.1000211243 3.2278206519 0.1000318051 12.4941348990
44.4419104200 1.3429207525 0.9686149310 79.8131368403 8.9334170562
50.3691918077 22.5812849594 0.1000206600 0.1000327881 18.3494697848
460.9116528580 1.6859894179 5.2698285079 126.5875584526 5.0449707636
9.7275606235 0.1003293852 9.8865381696 74.7164298778 27.0691419438
12.3900053926 0.1000108223 22.9380612495 0.1000188351 0.9719037005
0.1001167084 0.1000298299 114.5985948222 8.6200844807 1.0811741588
0.1000402036 0.1000229732 3.1469682530 62.0529397863 0.1000287839
201.9591221520 0.1000240787 1.1307218855 18.0189597533 0.2911721305
0.9729011548 0.1000237968 280.2269525802 0.1000231262 0.1000993420
79.5092241720 61.9300500579 0.7808096357 61.5560967750 49.7238193594
9.2622103120 0.1000831742 4.0977978000 31.7974564449 17.2424522688
22.4363705614 0.1005223249 25.1577177096 63.2605244284 9.5448649758
69.6751658645 0.1000189489 187.6703287291 0.1000196891 10.9544667684
3.2630355747 58.8582491812 4.6779028114 40.8193108269 54.8815016059
10.5941694301 0.1000260145 0.1000170897 20.6057551548 0.1000323110
3.4647183660 0.1000273876 1.4092252685 52.4260135544 0.1000154234
0.1000272776 0.1000176658 51.3912862801 1.8086428236 0.1000259529
0.1000150634 7.6086901036 54.5912483619 0.1000224639 0.1000240072
20.2489525578 3.2951987815 3.6471343215 159.6198063938 12.6889079455
1.6798827794 49.5719035497 0.1004185542 20.8194661798 49.3283289368
140.9006147426 14.1516290323 25.1832723250 67.1953942189 7.0690896813
21.6603076368 10.2112038886 25.5525481124 9.8127461046 20.2631942576
0.7320808539 0.1000155650 0.1000232529 57.4678519792 0.1000283491
0.1000469302 18.2544191868 0.1000183762 4.8720339025 17.1734816044
57.8204845004 0.1000209153 2.6772943516 68.8021630140 0.1000372188
72.9973924808 0.1000582978 19.4631153061 55.6584713091 0.2809626062
138.0438071198 47.4865440391 421.8924219806 263.6664867197 36.4107401407
53.3845012057 7.1741929407 10.1633224615 3.8331707823 6.9448126098
5.9908046272 0.1000152153 4.8314403880 33.0951484583 21.4825913113
64.3024104692 7.5499812633 24.4408325886 167.1794788428 26.0272968361
68.0981421844 0.1004129673 10.7340582427 9.3329197391 15.2344668665
55.4569719626 0.1000309472 0.1000362803 42.7429368025 0.1000240074
4.3491790165 0.1000253290 8.7174148816 31.2333496024 0.1000311705
118.8842877874 0.1000171473 0.1019769719 43.6931194426 7.7205986508
0.1000311148 22.9880659722 7.2036670821 8.4959246999 16.7123111309
0.1000277820 0.1000356750 0.1000260464 103.0991127309 0.1007977656
6.7869095705 106.4734535990 8.5710799165 16.7609298237 35.9076270902
22.5561647617 11.4339771911 7.0966907343 135.3098258220 0.1033414909
10.3528006441 0.5568327951 2.0387104706 73.7704047668 5.7812513235
24.9912171010 4.8460031407 22.4627317711 0.1000262245 0.1000217628
78.3129307569 0.1000312951 0.1000248383 0.1000318371 1.8869812725
0.1000137033 115.4337277585 0.1000263315 0.7662097768 0.1000224299
33.6687755322 45.2708101348 31.7444030184 45.3355157981 31.4804955166
0.1000186872 0.1000361199 0.1000269203 32.0998544283 0.1000638444
29.1753021387 44.9673843995 13.3318648008 74.2106384947 46.8148101663
0.1003936514 56.4709923443 4.3469929874 14.1167729758 27.4648480410
27.0391246694 0.1000116329 3.1608163965 0.1000256712 0.1000216301
39.5746327826 29.0729823978 24.6643113532 230.8128321542 8.3752413123
7.7527335474 9.8984282842 4.8553799235 52.7652514289 10.2282068160
38.8206972856 0.1000235926 63.4495735356 0.1000168118 23.0296887745
1.9540139375 12.2702098057 4.7492073707 45.5120904052 9.0144784809
0.1000251142 0.1000269926 0.1000201875 72.5463795242 18.6535481814
142.7725430176 0.1000200543 0.5210932530 6.9572816328 2.1490620422
40.5866474111 0.1000628790 192.6127770229 0.1000981665 0.1004145205
0.1000230312 0.1000164549 65.0999253251 0.1000151057 0.1000200830
25.2434595950 0.1062720525 95.5712246837 277.0895959664 4.4894477023
31.0434799365 19.3196517254 42.8581396153 48.3358356038 23.9428931190
4.7575730952 0.1000248330 0.4989509419 86.0434264081 0.1000247218
6.3230861201 0.1000213414 7.2256724295 31.7660740728 4.0851460363
50.0999190548 0.1000128924 0.1000257585 0.1000210663 0.1000212280
9.1506111071 218.3606211843 174.2327604587 402.8589363661 48.8970708839
151.5808830441 0.1000155190 62.6092133117 0.1098667936 0.1000213316
0.1000242653 4.9421422922 0.1000705375 30.0877192350 22.2700436700
9.1354839443 4.8478895411 2.2869024224 11.4939863330 26.7357377592
48.2159444236 7.7583255540 21.7808859991 84.3922725156 26.3525715076
0.1000242649 58.3774064635 12.8818961790 19.0406036079 0.1000694847
6.2077267560 0.1000174394 0.1000378381 63.6582103651 2.4340076013
139.0999199320 0.1000162240 0.1000200016 0.1000280699 0.1000157725
136.0999040378 0.1000157255 0.1000399336 0.1000241280 0.1000161751
0.1000289477 29.9640808319 1.2868915344 24.7773708585 10.3716278275
15.1417617108 0.1000141100 0.1000246756 19.0581288885 0.1000706152
40.0327758084 24.7982611098 9.2775684793 303.7441466453 30.6472479572
0.1000186833 2.7637250879 0.1000211283 38.4362191417 0.1000159589
88.5548578455 16.5246192180 6.5180223869 111.3204770517 20.5820234979
92.9439735179 0.1000300384 0.2111746331 87.5870882847 5.6577335259
15.8587050605 39.8251126577 28.3549711440 2.9425940373 364.5186171006
11.3905331085 7.7496201080 1.5227775930 65.1552383625 1.6818308280
9.9575571482 10.6393958314 0.1000233221 0.1000434892 29.7029802091
40.6356979858 25.9795091196 2.5384130100 1.4240128361 9.9223670486
15.9814258543 13.0577615593 9.2633864891 207.9834421382 2.2139839592
67.9534589779 2.7160213931 46.1241014040 3.2334889523 40.4729292727
56.3816373442 0.1000229197 0.1000811181 20.3441108401 11.5741477779
0.1000273820 52.1685065971 0.1000244677 0.1000256038 6.0314159494
30.8999434116 0.1000188705 0.1000269990 46.8338977135 1.5661130054
1.2711596755 3.7431009698 0.1000291083 6.8029884622 34.5827217842
5.7508423090 34.3220035498 2.2270971221 0.1000311151 0.1000259039
3.7771461391 0.1000095035 51.7271169570 0.1000387528 0.7956886477
70.3707705313 0.1000864267 5.8084360366 24.9104206036 128.3102864018
51.3125972001 8.2676867685 0.1000233215 0.1000134874 3.7196792225
0.1000224577 82.3928945943 1.8391989598 4.0678529183 0.1000310699
0.1000288538 47.0999168223 0.1000185453 0.1000213572 0.1000144214
98.3529327415 31.5482075491 45.8543188466 16.9192113665 11.8253294963
0.1000398694 42.9734775983 0.1000282325 0.1000229101 3.2264313897
15.0316503741 25.3721568388 46.9649339360 53.6340883945 12.4971704567
3.4290916177 79.3459241961 0.1000191036 5.6789798919 4.9459851908
23.3320075784 119.2338751470 34.8172998417 48.4557961774 17.6610212556
28.3421753833 118.2482433034 1.3863447124 78.9009104228 62.6223261781
6.0465470565 0.1000222321 4.5475769445 1.5386810230 15.2671727439
0.1001163304 25.4355429768 0.1000372402 0.1000174670 61.7642859857
11.6038130475 0.1000146380 0.1000192898 15.4370952808 47.2590577439
1.0496511307 0.1000184759 0.1000192816 48.7152327640 13.5350783478
90.6719480503 5.2799807879 18.7835644820 60.0733862816 10.6911203982
0.1000215345 26.5746365787 0.1000277466 4.9888135677 7.7365005724
0.1000225432 75.7196227535 0.1357954429 41.7658912018 27.7786680586
0.1000245676 8.4782553769 4.0943655163 19.1191731978 24.7081813414
8.8885226100 40.9867675778 4.4969077624 41.5536240689 20.5741779809
51.8340883696 0.1000132562 0.1003508114 14.0855016531 12.3800459097
0.1000244396 7.5246551582 5.0871607882 24.6881284085 0.1000312056
0.1000213721 4.6290276732 98.7132007964 1.9576975702 0.1000525880
48.2208077230 41.3438859881 18.2400847456 39.7246264547 38.9705950885
24.8181986471 24.9685374056 9.8288139913 85.5138557077 6.3705942483
1.8369430193 7.7499774275 15.3546906054 40.6309638011 2.9274251467
0.1000212894 170.7029782297 0.5565905165 23.0391648237 0.1012451408
0.1000232278 13.9094167442 133.0099855963 0.6013296966 5.8792447352
69.0999089579 0.1000175185 0.1000376119 0.1000175845 0.1000183271
0.1000247432 34.5870057414 0.1000234381 0.1000274794 25.6129185979
16.8187075723 1.4268817686 0.1000266570 4.4076217682 5.7467622339
0.1001914398 0.1000184466 0.1000198499 58.0997517491 0.1000185146
178.1991087618 10.2149748264 69.6445887258 34.4635211848 51.9778065012
0.1000326240 0.1000192948 0.1000179831 68.0999145935 0.1000155047
164.3542448737 0.1000285930 2.8254434211 0.1202331524 0.1000499599
326.2562928826 0.1000161950 0.1452920837 16.8983752344 0.1000236043
32.3099318152 0.1000131362 12.8900091215 0.1000233966 0.1000225305
7.7064567664 8.1026754295 0.1000286090 55.4908116480 0.1000275471
214.9714789899 0.1000146629 0.2665653903 11.5383869931 2.6235539638
0.1862349762 0.1000219259 0.1000325733 230.0136891532 0.1000213715
0.1000917068 6.8676127899 0.1000336120 48.5898067535 15.8424551378
55.0999149508 0.1000140907 0.1000234341 0.1000272919 0.1000202326
14.3561550976 1.0779585599 10.6730030237 106.1488241705 4.2440591483
3.5548345516 27.3804942794 16.3263268535 273.3157858350 23.9225584805
9.9465317258 114.1032128524 36.2742311791 34.0258301480 45.1501940946
0.1000235766 0.1000237299 59.2333447966 28.1502751862 22.9163327107
4.7740045731 0.1000132910 2.2415768678 50.2843773605 0.1000279076
0.1013796817 13.2062604792 227.9796506230 0.5135728487 58.6991363674
44.5243083564 43.2682003811 9.9790569910 89.2826447594 14.4457895122
0.1000233336 35.1830806539 2.9823587151 3.2417548942 1.9927824032
0.1001586128 0.1002050784 143.7660899666 0.1000192564 13.4335270858
44.3924808709 178.7163400201 44.2108500576 407.8832898198 64.2970392315
68.2510786447 0.7060928689 119.8405727975 3.8398358877 56.8624198013
118.0282717289 15.1104593557 0.1000259037 0.1612215491 0.1000214626
63.0910740045 0.1000137205 0.1000208565 4.1088765388 0.1000148797
5.3703445389 4.9772622953 32.0678860521 22.6490913647 15.4354157491
32.8755603243 6.7955987443 77.6126602626 22.9603840894 1.2557965794
44.0999171464 0.1000101504 0.1000445698 0.1000171568 0.1000109767
26.3015001068 0.1000327869 11.6367898404 15.3616214684 0.1000557975
7.2606962684 2.2101410775 22.0633054371 23.4559626239 87.5098945930
53.9968533405 0.1000193949 0.1000402510 0.4933612121 7.8097258016
96.0721992520 52.2306226816 97.0922571557 49.7289026204 9.3760182903
68.8719873114 28.3628170828 92.0333794397 38.5364719836 53.6953441825
21.8313530306 0.1001380061 0.1026546521 255.3655266202 0.1003276910
0.1000246606 0.1000253296 0.1000843069 42.5983966130 5.6014690899
252.9444114386 123.1171981654 7.9281457853 0.1000387069 7.4102059037
0.1000224629 0.1000124916 0.1000233650 38.0999228374 0.1000188432
62.2107835326 49.8011796377 0.1000357387 8.0778516014 43.3101494896
99.7233898627 126.9459381181 30.7180744369 167.6275799481 41.4850176341
1.6383625143 1.1767228294 2.2148765836 68.3700152778 0.1000227949
80.2393447288 0.1000219597 0.1000286605 142.9601772659 0.1004273851
139.2198226810 0.1004546291 23.4638512289 0.1000192170 12.6158522441
0.1000362284 0.1000194026 0.1000308510 72.1742749697 12.0256385483
36.8404438812 0.1000285961 3.2535884007 37.2059027668 0.1000363552
213.0915619777 0.1053530821 12.1014386153 7.5596180622 0.6420282627
30.2726478332 7.0952696238 15.5560340784 18.6536901158 1.9223583487
0.1000193217 3.0114096723 12.7955252746 22.4930229088 0.1000228225
0.1002410760 0.1000196610 3.6139846224 39.3728826647 44.3128719759
147.0998807311 0.1000137604 0.1000341869 0.1000207700 0.1000505516
0.1000252701 39.4714848320 0.1000238265 37.5240850546 2.3043810169
0.1000174619 0.1000633575 0.1000418052 33.0998540621 0.1000233133
13.1378918873 24.8197977532 11.8494126329 13.9588658433 20.7340318833
1.3375127207 0.1003201880 0.1000202810 138.8621294079 0.1000174025
56.3398300400 0.7308352755 8.3653754728 394.1601096824 11.9038495293
0.1000269855 0.1000154587 11.2448671725 23.4958877830 7.5592026003
0.1000200622 7.1465255837 0.1000189079 47.0534196812 0.1000157649
19.3066004975 0.1000233939 24.8933500737 0.1000131923 0.1000128427
14.8743117108 1.1102873197 4.5625526393 7.1400432269 1.8128051033
0.1000197506 9.7872873447 0.1000165815 124.4109037668 0.1017725564
1.8273755744 0.1167270432 72.8883222096 72.5675468983 0.1000282745
266.2237881483 0.1018310142 3.3908041313 13.9784662841 3.8051104222
21.8124763558 10.2843929727 0.1000243342 0.1000299184 3.2030764188
41.2928391164 7.1015005859 15.0653530107 108.5970886332 10.4432186539
4.4918897749 5.0634226934 56.7445975582 0.1000206809 0.1000692926
0.1000291150 27.4206058494 4.5863379257 0.1000314866 13.2929956232
5.0506304737 4.1396352417 24.3901828075 1.4582496723 33.4613018048
30.7127767203 275.8635681922 28.0273246279 598.1541053091 33.7422251505
8.4890767992 20.1655749444 1.4579179408 9.1743068561 15.2131234595
79.0337616560 3.4771836750 5.1794594821 160.4736328726 3.3359623143
0.1000223667 0.1000257894 0.1000408974 18.2005020412 11.9994089054
0.1000280687 2.1165247880 0.1000271519 30.6415565382 1.5418634531
5.9445434066 0.1000160147 16.7222111981 7.6332087745 0.1000206061
30.3764228217 14.0587678440 23.3484923382 10.3545584797 2.3617585164
71.3026389314 0.1000208486 131.8972657846 0.1000519257 0.1000225097
33.9399864363 2.0227855523 0.1000264642 52.3371742940 0.1000272531
32.9353921307 0.1003397705 4.3252959146 86.0389484986 0.1000236856
0.1000119896 54.0999282279 0.1000114226 0.1000185547 0.1000298052
46.7216570589 0.1000210691 0.1000220866 5.4781663780 0.1001334073
110.5205346451 0.7498491435 28.2209171861 6.1044271428 11.9042718825
134.2034100018 60.1469151255 125.7534410889 177.6501723740 260.7460614099
43.4426419243 5.3976786514 4.2036361125 58.5706428337 11.8854004781
2.1764611775 139.2546971776 8.0301013402 6.9330475828 8.1056927218
23.5193930865 10.2411433082 4.8944581403 156.2914074526 19.5535980124
27.5367516442 0.1000145852 0.1000288965 6.6631820903 0.1000227838
0.1000272547 19.6143556405 0.1000173000 59.5854621125 0.1001376923
0.1000174104 0.1000160788 8.0869761263 61.1129357681 0.1000546163
140.1934037121 0.3220418662 34.1431445655 12.9514556031 193.8899542531
5.6696831776 1.5624503694 0.1000195467 16.3045404607 8.8633064456
19.3759266785 5.8206288577 0.1049598653 60.1716623759 34.0268222226
0.1000146078 0.1000147861 121.0999396639 0.1000175781 0.1000133641
33.0947544551 16.7553200334 1.6868616996 5.3036177347 46.6594460772
40.8404759339 2.7280952502 195.6878923620 3.4807315760 0.7628048779
16.5025619995 17.5707233228 0.1000401292 0.1000225096 44.2266520389
4.9598197942 28.6809231210 2.7332261619 56.6749905443 10.4510403786
6.4761264143 9.6016681013 311.0362484828 14.2790236624 0.1069333392
72.0936372174 10.1425251354 16.9184738722 0.1000277270 12.2453360480
2.9740625881 18.2839702487 0.1000267284 7.0419296614 0.1000107734
49.3062881769 1.0667843861 11.2009078180 1.3132219653 37.6127976538
174.2577819072 0.1000317009 7.2246028470 6.6924213622 3.2251621828
0.1000262507 0.1000149518 2.6190690327 36.0999809666 2.5809087982
6.0858721628 63.1589898578 0.1000256718 0.1000255143 4.0550867933
43.6672551869 0.1000129106 8.0928585989 0.1001438114 2.5397294922
1.9801624452 21.4456271560 6.3353539593 0.1000218413 27.6388345982
36.5095844298 48.6684728816 21.6992016626 68.2201573334 16.4025836926
13.3119075509 0.1000303749 10.4678870435 36.6027578247 7.0174172060
26.8499129251 167.6467086196 65.8012237015 584.0246920538 44.1774627001
0.1000327907 31.4685559688 3.3355382679 5.2011367560 25.3947362165
11.0761246628 8.4878973938 14.8553652511 96.6483990562 7.4322136361
38.1497689792 20.8619042990 17.4878915142 90.6400861030 23.3603491046
1.9742042683 8.7499194178 0.1001239911 59.0378606492 12.6378916735
60.7629457597 17.5869848530 7.7817891550 124.6901914577 23.6780887745
50.6279479065 10.8397099508 2.2005182558 325.2187303332 6.6130935537
128.0134092743 6.4616161692 133.1097424405 0.2679346844 21.6472974316
35.9805469835 0.1004543468 0.1000285205 5.6877712900 91.6311988592
42.8866697143 2.3734832632 20.4888365113 206.8589832302 25.8920272809
0.1000816681 96.8690219786 0.1000174808 0.1000190293 5.3308598431
32.0937934150 13.5108587472 0.1000948369 0.1000254109 21.6952275900
24.8023455683 15.8281995170 0.1000213093 0.1007695791 101.6686640264
63.2822838055 9.9165767789 21.1008597641 0.1002563704 0.1000232811
35.4704022125 0.1000179364 0.1000422547 0.1000255103 38.7295120860
324.3296432516 1.7819274807 11.0085809828 4.7013346239 38.6785136610
70.9118132197 0.1000368964 2.3511948173 87.3939524983 2.7430025682
48.0263696452 0.1000171192 3.5046641876 0.1000275765 34.7689214715
4.1082234178 0.1000330322 21.9834194265 19.2083027754 0.1000213481
54.0493064974 14.9807315745 57.3436122919 17.4457752530 19.6805743832
18.2887379317 7.4560486864 1.9833346445 0.1000220759 11.6718566615
209.1465104424 11.7651761718 15.6686679047 4.8877310836 10.0319143975
32.3174466742 7.8109461865 16.5228070365 17.4101477993 65.4386523035
0.1000256435 9.8078803306 0.1000451062 27.3920127660 0.1000361537
0.1011119483 3.2031249878 100.2416599753 5.8540788583 0.1000242303
66.4046100840 0.1000289337 3.7952963218 0.1000479637 0.1000166968
11.4124994927 237.9225813503 3.4663229249 22.0402462691 40.6583499629
74.8969978434 0.1067687916 74.8116722604 55.8737508585 13.8108102461
5.0191516555 25.3009040001 0.1000251535 0.1000313664 7.9798878244
116.8353111675 0.1000279087 14.3633743788 0.1012610225 0.1000255226
0.1021386922 6.3252297339 328.7855539473 0.1870604099 0.1000172167
0.1009690185 0.1000262368 58.9333125478 20.2656659059 0.1000262910
0.1000288468 57.5178339084 0.1000267151 12.6820832388 0.1000272908
58.7606173946 68.5104632091 55.9008369278 1.2280647934 0.1000176751
2.8366157939 75.3434101961 0.1000486649 10.1199064533 0.1000188918
0.1000229334 26.5525404903 0.1000176699 10.6473957089 0.1000231975
69.7133174996 0.1000255434 0.5290704527 53.0575636163 0.1000228880
48.0336556854 7.0515325003 6.2147683516 0.1000263585 0.1000171042
20.9748223636 0.1000278730 0.1000295578 0.1000252497 23.2250949559
0.4680874294 192.6355527917 1.0281575180 0.1000207643 4.2681814965
3.9934643541 61.0485867556 39.2328537302 33.9986063235 5.2264888366
83.0431383036 2.4767889821 40.4342474119 15.2842209317 114.2616043707
118.8853351427 0.1000235453 28.7676746463 3.7278961535 42.0190705122
33.5114712792 0.1000290298 8.3016882163 0.7287437383 68.8580677364
21.8893353820 0.1000229150 4.5415271562 39.6372535738 24.3318609730
8.4691182942 61.1178098830 11.1602438238 104.0184319978 42.7343960012
10.5406570649 13.3077715233 1.4838156502 31.9849863638 3.1827693978
11.6341144750 42.9831240544 0.1001097552 9.6556949484 5.1269567669
48.9360212103 0.1000235308 10.2638887506 0.1000369655 0.1000295427
2.9238870914 0.1000243922 0.1000172581 20.1524690488 7.2236022094
19.8677039185 7.9146744963 2.6360183157 9.4580551186 61.6235481509
2.9408167213 0.1000467179 29.2995730807 6.8823128821 68.2772505980
43.9549172610 0.1000295460 16.1454911312 5.6328025394 2.6667595224
109.9435389292 70.2711826064 78.2205269070 78.8640058017 97.2007457558
122.3381150121 0.1001074534 5.0182094959 88.4150756208 4.6284924177
20.1367176238 0.1000309679 41.4609963529 11.2110537930 18.5912012625
194.3431414074 0.1001451321 125.3136581987 2.8254722255 4.9175830363
83.4436166168 0.6642650330 0.7661314144 33.4792651749 2.1467217609
31.9533229557 35.4117497196 0.1000194875 31.9348028345 0.1001050027
213.5081531843 0.3855660735 34.0587644475 70.5028640595 65.0446522352
79.9311483945 7.2984025198 4.7566659597 13.7618279173 3.7519552088
0.1000189660 36.7671704687 0.1000261084 3.9244277023 5.6083567547
29.7599877410 0.1000328951 0.1000226429 57.5928128390 1.9471438820
12.6011402560 0.1000534742 0.1000184709 13.9704892168 7.7282985821
5.8343541139 39.4979916064 7.4712654323 50.9782661730 14.7181226743
0.1000243835 5.1264694038 0.1000208639 84.6940311498 4.4794541991
12.9227183264 0.1061712308 0.1000325185 49.2710613953 0.1000165290
34.2291412515 0.1000204233 8.9707855245 0.1000318359 0.1000209647
23.8965206856 5.8981545340 14.4313420715 0.1000477238 17.1739349851
0.1000191884 0.1000285499 3.8337426378 0.1000201592 122.3661894647
4.0635110199 0.1000119803 30.4599318710 35.7765020797 0.1000430491
66.8783336251 1.7543615305 0.1044259161 1.5287597167 51.2341192116
0.1000259419 28.5484398499 5.0522144296 41.8449122511 6.9544075275
105.0401084378 44.3135129354 19.5552336325 211.1602668171 79.4308781771
21.0791526250 0.9529385643 27.8561705370 37.5115733043 0.1001649695
6.9556845696 2.7286578324 0.1000215440 36.8796086444 4.8360274096
8.4207020484 0.1000156057 4.0197155471 41.0917342978 8.8678325010
165.4308906962 0.1000360418 0.1014144842 55.7676330104 0.1000257674
176.8443665689 25.9520446582 16.9776950707 224.6136331900 30.1122605122
0.1000210517 104.0999038575 0.1000175328 0.1000303373 0.1000272206
0.5775456014 0.1000213302 1.2487044446 0.1001141708 109.4736144529
4.9167775524 0.1001030370 0.1000283317 10.0770272937 64.3060637852
4.6384624983 33.8914189661 0.1004762177 5.3447462022 197.5248961157
45.2055455731 4.4899377824 13.1639026172 13.8224779121 3.8181361152
26.9284799907 0.1000172314 12.1257946902 0.1000201201 20.2456879677
0.1000177390 21.6801371723 0.1000477567 26.5197722312 0.1000251008
0.1000176963 163.0864755700 0.1000162085 0.1000189129 0.1134716123
60.9826389584 9.2775979095 7.2986809036 2.7118702443 172.2292119842
22.3917416604 48.8914009943 10.3544682094 35.3036231439 101.5587659920
8.0092979059 48.5024462192 13.3733900103 38.1754193008 6.4394465638
0.1000258474 0.1013629755 22.2237803805 0.1000153454 123.9748154511
0.1000213442 0.1000176458 9.7332955038 27.1584513513 15.4082141548
93.5201242638 5.4112933306 0.1000224654 0.1000249030 39.3685350373
33.6699769923 0.1000169501 15.8541096262 16.4021858486 34.4737105828
37.1672127556 0.1000303892 3.0326958593 0.1000246836 0.1000363123
22.5903250553 0.1000200742 56.5074619691 0.1004540056 7.2017388959
47.6594068291 0.1000214139 1.6132713588 20.4426271977 6.6846732005
75.6395997612 0.1000198837 34.7112750407 0.7350003398 13.3141049746
10.7446253814 21.3940140853 0.1000467673 8.2745176561 10.9867961099
255.9280551783 0.1001238287 1.2717935613 0.1000129497 0.1000144820
0.1003015588 0.1000197357 6.4252537123 0.9726861553 176.9017388379
0.1000151006 0.1000210532 44.0999243847 0.1000316370 0.1000078244
22.0500689569 39.6915090147 11.7170409891 56.4461349462 83.5952460931
0.1000258488 6.1189082643 11.7668149034 34.3346940940 9.1795568894
34.3236875458 50.2810871582 12.1697763715 57.3899748957 9.3354740288
4.5791879821 8.7483273607 1.3977207135 50.6094815724 43.1652823713
92.6111349603 0.1000133741 0.1005186729 0.1001164157 76.5882165769
39.0885631607 160.2005785566 59.1091795773 13.9114473252 12.1902313802
85.4161897886 2.7163652442 21.6002693839 178.0461661853 24.7210093979
13.6641398704 0.1000192128 0.1000264546 95.5358002610 0.1000142012
9.5482098615 0.1000120098 11.0048905358 2.9735302340 21.8733573589
0.1000388344 66.7457751290 0.1000238411 128.4084680612 0.1456941342
0.1000196836 16.2258491447 6.5519599899 17.5221410436 0.1000301382
0.1000192887 27.1989730637 0.1000221788 0.1000294677 6.0009560011
71.8626528519 7.7514049310 48.4084604364 40.3215976436 16.1558841371
57.5862042421 0.1002066718 20.4540355283 52.3031982001 5.0563553578
0.1000877333 6.7072743269 17.7865215452 42.2480994129 5.6580169816
32.9310331847 0.1052330209 10.4413231777 211.9223590812 0.1000515356
35.6538990986 0.9550576414 20.6302633419 3.1925669658 31.0682129523
6.0845512663 0.1000163037 28.1153756908 0.1000414685 0.1000152707
66.8537402867 0.1000180041 33.9397521579 1.4614491825 33.1450403688
0.1000224015 0.1004559287 0.1000200591 46.3308896971 49.8686119136
31.9369518456 74.2529014969 10.4863601941 128.9812746545 59.8425118090
26.3418275920 0.1000178370 18.3712842559 42.5868331867 0.1000371284
0.1000180942 8.7052162987 0.1000191292 0.1000199060 75.4947265720
33.0976494246 5.4898410751 8.1265738142 78.2467706214 25.5391650647
0.1000383494 12.4209582925 9.1596537359 53.7193192816 0.1000303406
94.6867402453 3.7865548985 73.6748191617 56.6524701676 23.6994155269
105.0998763868 0.1000164669 0.1000517386 0.1000208297 0.1000345780
1.9024745763 172.7484240706 24.8227080830 13.9048687472 14.1215245230
110.5582223310 25.5513338271 16.8399961504 10.0944167471 1.4560309445
0.1000207822 0.1000202653 0.1000328683 0.1000221720 81.0999039121
158.5405666334 0.1000176901 2.7421735470 10.0166033769 0.1006387526
7.0258308325 5.9354731910 5.2657915314 51.0994912670 15.1734131782
35.7522299703 1.0449840095 0.1000256535 5.0175871400 37.5851732266
5.0823672479 31.1726915074 0.1000202261 11.0448946559 0.1000263627
60.9503234099 36.4430652017 32.1650637554 41.5101032237 38.4314444092
95.7251218387 6.1180093371 0.9030804126 25.6032884655 7.1504999462
3.1045033304 0.1000254027 8.3198475528 145.8755824937 0.1000412203
0.1001053757 0.1000191332 4.7375582050 0.1000262879 149.4622909982
26.4014217341 0.1001674175 4.4068087888 5.1385790835 54.4530229762
36.6660780640 0.1000098632 1.7255225466 1.9083701650 0.1000193613
33.4739870175 0.1001218039 25.6531885712 42.7848804718 8.4878221356
0.1003014879 6.8860061290 0.1000194757 60.7830414709 2.6306314365
0.1000274563 14.6548334818 0.1000174367 17.3898514750 14.2552701502
23.5150896404 19.3712380328 9.5798271086 40.4549813222 14.5788638961
44.3108166436 9.9001082304 16.6946723275 1.4943781592 0.1000246394
14.0483171391 0.1000176701 0.1000308580 15.3970967586 16.8545375742
26.8714765442 28.5101171599 7.5875368644 47.1014512433 4.4294181883
0.1000574011 124.6026952464 0.1000273631 23.1577414130 5.5394785764
0.1007363989 140.0223515290 0.1000204384 2.1768477504 0.1000438833
161.4506457465 1.9556341238 0.1000325184 8.8936699284 0.1000176829
128.5306902119 0.4217967397 113.9051633204 0.1301109947 21.5122387333
25.1921455158 89.4376613725 17.5064872664 78.2543752375 58.1093306078
176.5334981497 10.0244513418 4.1913140906 5.5702466020 7.1804898159
7.9206775243 8.2959568431 11.9931194261 130.1058678167 15.1843783898
61.2477369083 0.1000135103 0.1000775970 15.9521517668 0.1000202177
0.1000263516 0.1000196728 0.1000484223 9.0030649293 21.1968406240
14.0483171391 0.1000176701 0.1000308580 15.3970967586 16.8545375742
53.5173994086 0.1061069081 4.3949802310 78.9039982655 20.5775151868
0.1000230244 6.1500541587 0.1000197972 70.0484623809 0.1014406389
220.7992647675 0.5325870801 189.4568855031 3.6857768872 3.0254857620
0.1000261615 7.3782432109 40.9442099630 1.5875777064 38.4899429582
1.8925929214 6.4845265891 3.3614797439 0.1000205809 115.6613801646
9.1153928918 0.1000164521 2.8179931786 48.6671667299 0.7994307476
32.3582049187 0.1000120979 0.1052351671 0.1000244351 55.8365233812
54.7058197734 0.1000231821 10.8918646051 8.7022442189 0.1000482206
1.4921967449 0.1000152672 7.8638911463 0.1000190952 83.9438777465
119.8102559641 1.6851138180 13.3870895126 96.5439486567 13.0735920486
0.1000244751 28.4922356739 0.1004618869 56.3760697015 4.4312082627
1.3456335425 0.1000157347 32.9284302858 9.0259004571 0.1000199798
24.7816593520 4.1334180771 4.2591866535 26.4977063769 11.8280295404
70.5122400782 0.1000202164 0.1000321431 12.6869011533 0.1008064090
0.1000201860 0.1000392221 0.5272045114 0.1000150613 100.6727210191
48.0857162870 5.0777759687 5.9067879723 283.1348259398 8.2948938322
214.4405209466 1.6467711176 8.3119823686 45.7878068571 1.3129187101
0.1000259115 0.1000219106 14.8796409526 0.1000226469 36.3202885785
0.1000155979 89.0999450105 0.1000098421 0.1000125748 0.1000169746
0.1000231050 87.0998757030 0.1000234006 0.1000548954 0.1000228961
0.1000420354 256.8620175467 0.2195007575 0.1000254173 1.2184142430
0.1000888148 3.6834353823 27.3215938125 0.1000123697 9.2948696207
3.4174260980 92.9498789663 17.3841897771 2.1420662136 4.6064389450
14.3684950122 25.6244606363 10.7200198547 21.5231137312 23.2639107657
3.1039873517 154.3589421724 5.2069762643 15.8853040464 39.9447901653
15.1682007830 24.3489122619 1.6021320417 78.8395290380 15.5412258754
24.4817491996 0.1038740793 0.1000203422 98.2788635512 4.5354928277
39.9923944025 38.7114961477 26.0682048773 49.4917257010 21.2361788715
32.2552421833 0.1000155906 0.1000136631 8.9444491544 0.1002794087
26.4081337588 0.1000185996 4.5517432354 91.2241238531 49.2159805531
0.1000408971 0.1000486987 4.9675921534 24.3273407371 33.0049775136
24.5787714032 73.6221668116 1.6476887392 54.4288824670 34.2224905790
7.8215090116 10.8582399257 4.1949776789 25.3749351313 25.2503382525
28.7044103100 0.1000038155 13.4955608818 0.1000141300 0.1000108627
46.3203212167 0.1000195762 5.9423123912 3.3487604367 8.7885863793
51.0678869138 0.1000120185 0.1000391095 0.1000231262 26.1320388321
0.1000243093 110.3262588582 0.1000232234 4.8736494673 0.1000441418
33.5062634576 5.7939946824 0.1000427324 6.9996724560 0.1000266716
0.1000266534 20.2485654586 0.1000142553 0.1000144361 159.9513791967
0.1000195171 172.7511834336 0.1000173736 0.1000214572 13.4487582185
34.0256271249 9.9668146480 10.1396346970 18.3898603033 18.9780632268
1.1120943876 25.0878027844 0.1000304208 0.1000423952 0.1000300120
24.9564093667 8.9487405867 7.3787679162 83.5729050588 4.6431770716
7.7604042500 115.7305912467 13.3143402750 22.5109266453 31.1837375830
16.8566329728 0.1000166354 4.8932802594 6.6583440384 115.9917260940
61.2330979812 48.9947184513 2.8627805707 29.7742341397 44.6351688571
0.1000210035 23.5556386124 0.1000202036 1.6443029115 0.1000172689
12.3432552957 73.4617359156 0.1000390682 0.1000233929 0.4949463276
35.4138196446 4.8542658110 3.2661868600 44.4001938255 2.5655338588
0.1000216855 57.0194582044 2.0026184693 11.2778534342 0.1000482066
18.7296322406 13.3920225872 0.1001058677 2.7719380725 8.5063012320
0.1000293795 48.0999288858 0.1000110206 0.1000173548 0.1000133594
24.0024649558 104.0270650949 0.1000239411 0.2704197087 0.1000262994
0.1000226082 26.0999153398 0.1000199573 0.1000220042 0.1000200905
5.1540550705 0.1000195075 20.0458686734 0.1000316708 0.1000250779
0.1000158470 64.0999175615 0.1000197003 0.1000231345 0.1000237568
0.1000123265 46.0999381091 0.1000117647 0.1000269480 0.1000108518
0.1000206104 48.2243241394 0.1000205937 9.9756055564 0.1000291001
0.1000294959 77.0999023077 0.1000195879 0.1000277144 0.1000208942
16.0676332411 36.7013314207 45.2428706178 32.3691335187 36.1190312017
0.1000176399 54.0998888490 0.1000220051 0.1000579238 0.1000135823
0.1000302036 29.2060144655 0.1000207617 7.9939186492 0.1000159198
0.1000164255 34.4373420472 0.1000126120 0.1000214071 64.7626075082
0.1000289663 24.4120656239 3.2431812291 1.6447101817 0.1000139990
0.1000152729 15.3531388238 0.1000282726 6.9873743807 4.9594432500
0.1000273519 59.0998792542 0.1000223315 0.1000192762 0.1000517862
29.0588949076 29.0240939310 27.1245299971 29.2020408101 42.0904403542
0.1000158484 55.0999162344 0.1000218557 0.1000265289 0.1000195326
3.4505672401 53.8104939368 3.5068595296 4.7447116521 9.9873676414
0.1000220227 32.7487928134 0.1001114902 0.1009205358 90.4501531379
0.1000258955 118.0999195000 0.1000140749 0.1000164963 0.1000240333
0.1000181840 70.4365823490 0.1000202533 0.1000181726 1.7633610410
69.8236541289 0.1000120560 5.3762956366 0.1000129272 0.1000252513
68.5198068224 6.2769489207 1.5769682312 0.1000477594 31.0262282663
7.1207240162 13.7612326290 0.1000236678 9.4942890072 2.0237306798
0.1000553946 56.2382422017 0.1000327121 0.1000186594 31.9616510322
20.2995998426 254.9646168653 12.2008624675 37.8789371584 4.1559836662
64.0625220624 1.1912687965 4.6604157787 0.1000382504 32.4857551121
1.1021786218 81.0184567598 2.0814958993 9.1845642549 1.1133044641
9.8970977032 184.3709223031 4.3895243883 20.3566342721 26.4858213333
0.1000264943 95.5700568509 0.1000283923 0.6298700284 0.1000182341
0.1000777676 147.9057821201 0.1000227651 0.2940867230 0.1000306243
3.4958356033 35.3011580516 2.4200944109 3.9795269014 22.3033850328
20.1055591943 83.5663689861 8.6308750193 69.0291627051 14.1680340952
0.1003848786 233.1449669077 1.0165027252 0.7157250120 65.5224204765
123.0093622558 0.1000285113 176.4831669125 0.8050719536 0.1023703668
1.4855048607 47.6633258221 34.3480866588 15.2382208199 3.7648618386
0.4006881759 58.5644025771 3.7049224723 30.2374457202 63.5925410546
40.9937355941 0.1000182736 0.1000469346 27.2061742859 0.1000249118
57.3535578443 6.1255351917 11.3621523225 8.7944924141 31.8642622274
10.3171594575 10.5881751445 13.9121999531 87.9095792836 2.7728861613
41.4073047039 6.6748909714 13.1109631784 64.9408272656 30.3660138807
60.2441464486 0.1000186603 13.0223389032 0.1000205929 60.0334753950
0.1000208045 7.0505811140 0.1000240542 15.6366782274 6.6126957998
0.1000242566 36.0999187275 0.1000192040 0.1000202620 0.1000175499
17.9125095084 0.5281750233 0.1000751841 55.9064136976 17.0528265866
53.4026342079 0.1000143599 0.1000244033 26.7973034166 0.1000236122
33.1146965595 63.3843166474 32.7999169370 49.0922526006 165.1088172556
0.1000260776 218.9866136899 0.4729190017 6.1324062296 14.8080350011
43.0317750833 16.4070626642 33.6348155761 67.8619190458 159.5644276306
4.5464417662 53.6764692750 22.3317427646 16.3321215404 9.6132246538
0.1001113800 185.0513264565 0.1780037278 0.1000246272 31.0705338085
0.1000140399 12.9191157870 0.1000274237 0.1000612935 19.2807814559
0.1000182522 37.8329582752 0.1000208202 0.1001172139 28.3668854385
1.8087289153 0.1000146104 0.1000218181 6.2674428034 132.2237918528
0.1000412744 94.3619295641 6.0699920505 0.1007066897 19.8673304213
7.6120536843 128.8586080780 7.4569509655 24.3860001432 21.1863871290
13.1853931887 1.1553736834 0.1000376801 15.2960111985 11.7631842493
26.2700926958 0.1000396173 9.6029494996 1.4767735593 47.0501446280
33.0926352686 0.1000148787 0.1000505630 28.0021560785 3.2051432113
0.1000217524 43.5819310516 0.1000303940 0.1000213252 1.6179954767
37.4836938886 12.2382996043 3.1238555594 7.6836954107 25.9704555369
12.2409670930 0.1000129348 0.1000259334 0.1000144342 40.9589796046
0.1000260706 41.6141167809 0.1000205776 0.1000376850 11.5857988859
136.1540636231 2.3217580847 62.5734107881 92.7229737922 16.7277937119
0.1000169563 42.0999287163 0.1000148060 0.1000190619 0.1000204595
0.1000308613 0.1000154118 0.1000200600 76.0999037635 0.1000299034
0.1000238555 112.5049374734 5.6943650434 0.1000220115 0.1006516163
13.9517613832 33.0289250084 0.1000360420 80.2704009505 5.1488766159
0.1000612141 10.2941890276 0.1000282662 19.8986493765 14.1070721156
5.4903561821 27.7474418158 13.2358624983 7.8360087202 30.1903307837
84.9147169808 0.1000244810 1.6346733481 51.1298104477 20.7207747424
22.5080241636 1.7511248861 3.7235163495 66.1638512094 2.3534833913
0.1006727958 2.6534867307 0.1000214256 78.9440929052 12.7017261427
66.5362121273 0.1000349488 0.1000218914 7.6637138556 0.1000171769
21.5274383897 0.1000125029 0.1000263667 1.4589888468 51.3135338939
34.4701403699 9.2292791972 2.5748358999 28.3510044290 20.8747401041
4.2695491089 56.2473954675 2.9861106618 13.0355496031 3.9613951587
27.4150048825 3.7849200111 0.1000231346 0.1000293834 0.1000225884
56.5497860827 4.1448382090 12.9957163798 14.8721875704 2.9374717581
9.0305936314 27.6859425407 5.3294116187 35.5555840258 13.8984681834
0.1005032655 0.1001020893 3.4691879446 0.1000207298 90.7301859708
16.7839963562 4.5794396546 11.3277615181 39.0415976039 17.7672048671
44.8314987593 346.6674459247 19.9696211483 119.6274662847 60.4039678830
48.2296973904 1.3931395434 6.2122311997 12.7894475114 39.8754843551
5.8830212440 30.1033037538 70.8179584651 142.9849294932 45.7107870439
35.6890235182 13.9956186340 20.0469113904 16.4020944422 23.3663520151
2.5744413833 0.1000406532 98.9225305253 22.2211526139 15.6818348243
0.1000247470 39.7976438622 0.1000240680 0.1001664565 54.4021408662
40.4345067787 0.1000197065 0.1000236670 0.1000220236 36.7654278242
92.6711779715 1.6372083109 13.7655696057 0.1025212336 21.3235228784
43.3798409477 54.4859790881 37.6924418704 70.8678988150 106.0738392789
300.5648736725 6.4225000468 10.5140367967 5.3847337577 15.6138557262
6.0839303493 0.1000136741 0.1000288189 4.0067099413 60.2093172163
295.3990317611 0.1082222303 170.5412617090 4.2178530446 0.2336312549
0.1000142347 1.9232083930 0.1311851859 0.1000412810 205.2455509053
78.9431776675 0.1000363632 41.2567453590 0.1000161712 0.1000244390
249.1350326769 5.2015507564 28.7220372200 70.1310232436 37.3103561030
64.1928724824 0.1021204515 0.1000186846 29.5299552579 3.5750331236
12.5201173791 1.9982038447 1.9251784520 16.9564785889 0.1000217353
0.1000340777 34.9605380761 0.1000248345 12.3078498539 31.0315531578
47.3276114767 84.4845770148 28.7661229040 144.1479749174 36.7737136870
2.8732439647 5.9979379566 12.9086018573 146.6649861683 5.0552300531
0.1000202637 70.0999280161 0.1000132433 0.1000166323 0.1000218446
262.6505139138 121.9479830855 1.8746717695 0.1009036962 2.9259275349
0.1000240333 0.1000157411 163.7409721724 7.4589126140 0.1000754392
89.9870907512 60.8002658167 72.3686099645 94.8412615010 76.5027719665
0.1000397685 16.3539203438 142.5887631536 0.1000267918 0.3572499423
40.3256919923 77.1004687745 7.5249731551 56.5835161708 44.9653499072
58.7484774242 2.9837623131 5.6306637868 6.3631514266 8.7739450493
69.1288970553 0.1000139883 3.2196491478 8.8709561651 1.1804836435
0.1001192017 0.1000149360 0.1000181499 20.1257220012 6.0741257112
0.1001430552 12.2934804562 0.1000554585 0.1000218457 179.9062991844
23.1484235773 0.1000164533 0.1001722136 18.8305383346 4.3208494212
3.9840069549 0.1000282078 4.6140641027 92.7017151470 0.1001855876
29.0584208595 2.0570397797 65.6710656980 0.1000167287 1.6134569340
4.1645059084 164.8561896388 18.6687139384 43.3657096608 18.4448808536
44.2978141430 0.1000189849 0.1000280304 7.1757532718 34.8263855698
225.4310225374 0.1219402449 8.6612568014 134.8078034189 5.4779769975
7.0226563667 0.1000228181 0.1000209746 52.2614893360 21.0158105047
1.9580294282 8.1105867963 14.4521797485 105.1133523536 5.8658516733
0.1000193789 82.8626560881 0.1000194343 0.1000613007 2.3372437980
31.6465669458 0.1000177888 0.1000272092 10.5533720899 0.1000159662
5.5539584466 178.0824438042 6.1930134498 3.8907805443 61.7798037551
1.3725619893 177.3592654902 1.1674677263 14.8521825607 50.7485222334
14.5028871337 8.4684020767 0.1000207493 0.1000255601 2.3286644802
1.6426958668 4.0167037523 0.1000875504 237.2262722636 2.5142405670
56.3033090265 82.9363541489 27.7446613371 153.0275603509 16.4881151366
0.1000247293 29.0998305518 0.1000213754 0.1000759412 0.1000474022
0.1000145008 38.0999370157 0.1000207263 0.1000140201 0.1000137371
27.0999056020 0.1000104826 0.1000278818 0.1000287550 0.1000272786
5.8497918594 0.1000192319 0.1000257995 5.0941906954 111.3559724138
35.0400457999 2.2190263404 1.0711605592 145.2210088689 18.9487584316
60.8577027745 7.6442880876 12.6045496640 166.2671695657 4.1262899081
3.1522732667 4.6443316991 23.5033297544 0.1000488108 0.1000164690
26.6695435349 0.1000220589 0.1000420558 3.8038194842 23.8265728662
6.6900091190 0.1000195367 86.9847756633 16.1294421877 1.5957534934
46.7181940689 0.9446288691 0.1000206492 6.3868031388 58.3503532740
35.9469764738 0.1000124777 8.9642296259 4.3887650311 0.1000163916
12.6148450040 28.0188689200 0.1000186844 1.0407941057 44.7254732860
7.7821330774 0.1000608661 1.3549339183 17.0532978759 62.2095742623
6.0202229305 0.1000210654 7.0531091511 70.8442477612 0.4823990918
65.6529035691 0.1005960283 50.3711633845 9.9618613630 112.4134756552
0.8165922393 0.1005255357 122.3828364492 0.1000228513 0.1000229244
33.5896321206 2.3416035991 5.2143453882 63.0087132118 2.3457056804
54.3904892912 25.4095150174 0.1000244065 3.4999436878 0.1000275970
63.2278725589 2.5031830793 3.2915776422 7.2975938714 11.1797728482
41.0862802341 4.3926023695 7.4811428303 11.9981510647 74.5418235014
51.2894515539 9.9344925037 2.9058818227 116.5762209896 9.7939531300
18.1155068355 0.1002226713 26.4977810556 1.1135479591 158.6729414785
79.3837229858 5.5971719919 2.6291247980 20.0766442876 16.8133359367
105.6556450799 0.1000191163 0.1171173321 78.5271951105 0.1000233612
0.1010227191 14.3174658634 17.4080248668 32.5843298429 24.0891567078
0.1000632529 27.4677530925 1.6914639072 77.4847455645 21.7559741829
70.2588919784 0.1000832895 2.9409875629 0.1000167753 0.1000203938
0.1000167530 25.7929311868 0.1000280988 0.1000163704 22.4070075911
49.4665301461 0.1000310147 28.3404804286 1.4929326043 0.1000258063
30.6314841034 3.2939103409 0.1000224318 0.1000146128 42.3745685111
14.7029932500 1.7160805257 56.0209911166 31.5053440554 29.5545910523
121.5421552938 0.1000230165 0.1000471088 1.7853193274 12.9724552534
58.6488435147 0.1001420628 0.5844979271 85.8773604055 17.2891560899
22.0697974786 94.8943453115 17.9283988971 15.0151086512 89.5923496616
15.2451988249 0.1000155473 24.9544443686 0.1000259956 0.1003152636
183.0057255962 0.1013180135 5.6760379128 0.6848612921 5.0320571854
147.3303485769 150.3125092926 3.3968701319 44.5730586127 20.8872133858
0.1000152923 61.9793941025 0.1000259052 13.2496127503 4.0709519497
75.1378428877 0.1000133051 0.1001550800 2.0619690130 0.1000197143
0.1022712774 4.1650136934 6.4688538444 0.1000187832 146.6638424015
0.1000220783 0.1000166252 14.3005437683 0.1000116861 65.8994058421
21.2562025215 10.8666337258 0.1001103216 26.5863875179 23.6906659133
74.8481339210 0.1000187410 4.2189130793 17.0299424337 11.3029918250
0.1000162017 9.9292212382 0.1000251888 19.2707017300 0.1000356414
0.1000186890 82.0078157514 0.1000201161 0.1000593808 6.1920860626
0.1001194698 15.9142543259 0.1000466789 2.1089053985 196.2766741270
40.0301796880 0.1000343036 2.7832919822 2.8351032350 2.7513907913
0.1000244327 75.7891265554 0.1000204864 2.4107346563 0.1000938692
1.1707612158 0.1000276691 0.1375570615 0.1000204243 200.9916336294
1.0400659627 0.1000176457 0.1000391523 7.0280442612 122.2318329781
94.4382181129 0.1000256293 0.1000465887 0.1000203092 2.7616893598
104.0989073902 0.1000104609 0.1000147566 0.1010541550 0.1000132373
41.0998399815 0.1000158962 0.1000245459 0.1000979457 0.1000216306
64.4996940041 0.1000223379 3.3831524915 0.1002276902 35.4169034764
121.0975145410 45.1604402481 41.3964270981 120.7572671315 79.0883509812
51.3175905687 21.6369502355 0.1000245765 0.1000251993 1.3454094201
84.7395116257 13.4203162209 13.0742757593 121.2539400860 44.0119563081
0.1000268876 51.4258937639 0.1000337063 21.7740241330 0.1000215092
36.2642906078 0.1000218718 0.1000626997 20.4482001616 4.5874246592
0.1000225504 0.1000255723 35.3247785436 0.1000213608 36.8751519729
4.1419277024 35.6078904495 34.0788986065 70.6980717176 26.9732115240
18.4534874042 1.1271677693 61.8180561646 31.3984615144 65.7028271475
5.8999417867 12.0793532657 122.7121153452 2.7085045967 0.1000850057
6.9313194799 0.1000135266 0.1000689396 20.3384959920 9.0301020620
0.1000320796 55.6391329761 0.2596973649 34.4011076626 0.1000299167
14.1209855752 0.1000203383 48.4163812660 64.5592215062 0.3033913143
54.2293216311 0.1000208736 1.4134285278 0.9429228644 77.8143061031
83.2439062963 0.1000115029 0.1000402905 5.9560232222 0.1000186882
33.7577905864 1.9186628573 7.1310055172 11.0458797459 46.6466612932
72.3855399126 0.1000261598 0.1041684027 131.3214474200 8.5888181049
11.1380990914 13.5390371378 3.0724911399 4.1414572215 152.6089154094
0.1003252651 20.7900244359 0.1010953224 0.1005379528 251.4080170238
70.7040574068 0.1001676920 34.3626608180 12.2330870656 0.1000270176
0.1031387594 3.4022675797 78.9033926057 2.5180446834 37.5731563718
27.2713936719 0.1000197867 68.2499864821 2.0150762306 43.8635238287
0.1000331281 40.0998917625 0.1000204840 0.1000394588 0.1000151666
14.8630624203 59.1697763002 0.1001001376 1.2670431781 0.1000179638
14.2328751906 0.1000161416 33.8236372434 123.8815258327 0.4619455917
0.1000203421 26.0999337180 0.1000126902 0.1000146645 0.1000185852
122.4307248422 1.7567715340 0.1000328967 23.9958008745 1.2166698527
0.1003153819 0.1000215391 46.9409916567 45.2055827578 1.1530886646
1.4471522663 23.5709668944 0.1000247477 2.1363543832 11.2455017084
0.1000387847 0.1000217458 0.1000272341 28.9164423969 25.2834698384
18.3895163613 58.4128838352 7.7454483025 55.5009041316 5.4512473694
90.9585062354 0.1000159593 0.1001133185 1.4311669461 1.9101975408
23.8181011028 1.4241214471 217.9579760820 10.3568817818 4.9429195863
0.1000172445 30.0999193243 0.1000200738 0.1000172779 0.1000260795
5.6421028633 66.6487845646 15.0090601634 0.1000262143 0.1000261944
0.1000190928 5.1657644669 0.1000150335 0.1000101746 25.0341912322
28.6854545817 0.1000385489 0.1002853345 16.0387848672 54.5754366677
0.1000324171 9.7917376008 0.1000194391 3.4833009105 39.0249096324
0.1000197517 0.1000491314 49.1060293235 0.1000270436 13.0938747498
57.2078010230 0.1001227577 0.1001030052 30.9919559767 0.1000172375
31.2110891488 6.5423595009 263.4642181958 33.6566756208 44.6256575338
63.1452634490 19.6757722777 14.4052971443 260.2467353482 11.0269317807
45.8016997528 0.1000249755 5.1087257785 1.4987704288 39.9907790644
0.1014253914 50.3893062996 0.1000236559 48.0548520400 19.8543926132
313.3032785599 0.1000200399 0.1400144324 44.2636892457 5.6929977221
57.4943161140 0.1000130579 2.6026589010 15.4159693931 7.8870425339
10.7712012060 0.1000471344 18.8844314629 26.7002587711 6.0440614256
2.3379124486 28.5844067352 16.8793602952 6.7670264175 280.9312941036
3.0230922552 0.1000172736 36.2275014118 0.1000279318 3.0493611276
28.6714428025 0.1000256113 8.2297870541 46.7567417878 5.7420027443
7.6299141180 0.1000350473 8.3227646662 71.8473531921 2.5999329764
29.8026920545 0.1000200618 13.3972412353 0.1000189811 0.1000276674
92.8626245663 19.7776454879 10.7079193527 62.4408158754 41.7109947177
132.9786401029 0.1000187290 0.1000269871 0.2212918159 0.1000223650
21.2743338245 0.1000149259 0.1000370977 31.9255941566 0.1000199954
11.8092069294 121.2478970748 6.4052657651 6.7669199007 29.2707103299
112.1226806519 0.1011945891 8.2349197566 2.7208559467 72.3203490558
31.7955028697 34.9363322681 19.8102200157 95.2165583093 20.7413865373
34.8450893430 87.7778738955 7.1016212311 37.1173861347 1.6580293957
6.7619415055 0.1000162034 5.9274414137 21.3070921892 10.4035086883
0.1000198794 0.1026406704 18.4694333002 7.1997376799 96.6281684700
0.1014884524 212.2102586650 0.1000249472 11.8255790482 3.2626488871
0.1023020830 31.5090419105 0.2250719560 0.1000187645 219.5635652860
0.1000171317 149.0999151360 0.1000350835 0.1000174549 0.1000151939
121.0189882391 0.1000170456 4.5794508773 3.7309471697 20.0705966684
0.1000102900 100.0999614551 0.1000083431 0.1000115108 0.1000084010
106.2441324906 1.0653724092 6.5830284889 52.8168827198 14.7905838915
27.7398945671 0.1000205581 3.4894533131 0.1000405341 57.0705910276
0.1000262628 66.3602365807 0.1000229958 0.1001632032 6.8395509576
2.3246126755 23.6562350700 0.1000244061 0.1000823833 4.3190454652
177.5282963097 0.1001020178 3.2240966114 38.5216685120 11.1258365491
0.1034329417 266.7153328084 0.4811763584 0.1000230360 0.1000348556
0.1000413226 20.5112199777 2.6884647802 7.4768295993 12.7234443202
0.1000345325 278.9204851823 6.7814505946 0.1001169295 4.5979127611
63.5412648735 0.1000172454 0.1000696549 0.1000146634 2.6586335628
38.1459369490 0.1005803563 22.4846448876 40.6178216086 7.1510161984
8.0993085864 3.8682380363 29.9614992654 37.7212825645 81.8496715473
70.4153659554 0.1000267122 25.7845301499 0.1000500177 0.1000271648
31.6627380441 0.1000103517 0.1000115756 2.1424395353 3.4948004933
3.1002740281 49.2373495099 2.5577169876 3.9763224709 384.6283370036
0.1000244570 101.3968414363 0.1000261826 0.1000299739 3.8030779502
0.1000189953 23.0835468601 9.1163877673 0.1000200631 0.1000263142
51.6671715863 0.1005058566 1.2604160251 48.4134359193 9.0584706127
0.1000170908 155.0989364569 0.1008256720 0.1002012144 0.1000195658
0.1000228632 27.7205785396 0.1000179229 16.4793486240 0.1000320503
3.4036384357 27.8409348334 2.4987205310 0.6566756226 0.1000305773
0.1000173018 35.0999259161 0.1000151754 0.1000249209 0.1000166857
0.1000141765 41.2012853559 0.1001731714 0.1000177711 38.9985095251
0.1000163832 44.0998978234 0.1000167222 0.1000183088 0.1000507623
0.1000087176 32.0998605285 0.1000097395 0.1001124008 0.1000086136
109.7352226024 2.2365134860 0.1000257801 10.3082491909 2.1199889407
0.1000208219 29.6473574195 3.7516843637 5.9008937994 0.1000435955
0.1000205305 43.0998997313 0.1000230125 0.1000340333 0.1000226924
7.0643986472 92.3758019688 0.1000663656 7.8597096175 0.1000234009
0.1000443189 9.4335143700 0.1000334586 11.1086101221 7.7577977305
65.3642246165 0.1000202603 0.1014764186 0.1000231507 38.8342555540
0.1000173765 24.1348794808 0.1000194767 0.1000214656 2.0650622004
2.9435987335 33.2978221590 0.1000656928 1.5247028253 27.6338105893
0.1000331019 49.0998856785 0.1000198038 0.1000400614 0.1000213545
8.7365194079 46.4926976627 7.3063262067 0.1000259350 0.8644307876
0.1000152158 42.9495762300 0.1000131818 3.2503780735 0.1000172988
10.9301327506 27.0968733645 23.7199184552 18.9782429457 12.7748324841
3.4419587547 2.9140155591 19.6090966393 86.6048841561 23.9300448908
0.1000186343 17.0354207891 40.6966706777 0.1000413371 5.5678485618
32.5211776537 21.4263649048 23.5682741247 28.3392785137 88.6449048030
0.1000224135 27.3618996852 0.1000310511 5.8380288497 0.1000180005
4.7359885495 247.3237989523 4.3612333198 7.8892761618 13.1897030165
0.1148456821 131.0850844027 0.1000213529 0.1000284550 0.1000201073
0.1000224369 97.0996380418 0.1002899391 0.1000212440 0.1000283382
0.1000108840 31.5456926642 0.1000275738 0.1000159207 41.6542529573
0.1000227080 19.4688665035 0.1000306191 9.7310569059 0.1000232635
0.1000241384 43.3743833791 0.1000265509 20.4929667116 0.4325992199
32.8665462071 92.1480395550 48.0025609680 70.3272923932 88.1555608767
14.0890390118 2.2102907592 0.1000257465 1.9109238948 24.1897205877
0.6986171834 46.8013510889 0.1008497079 0.8310572625 322.0681247573
0.1000290255 74.0997185566 0.1000277427 0.1002020927 0.1000225825
0.1021732797 15.3569625595 2.1581214276 42.7453384617 96.1374042715
41.5368383454 65.9998897309 53.2885445439 42.5065443706 10.1681830092
42.6314009422 0.1000291029 0.1000219301 0.1000285093 2.5685195155
0.1000277999 88.7024807514 0.1000419562 4.9979499294 17.5994995631
0.1000200406 0.1000203194 0.1000287578 0.1000210374 40.0999098448
10.6470110541 58.8616662127 0.1020918318 0.1000263004 75.7892046010
22.9192779013 0.1001003312 1.5551706100 129.1209857500 38.8044654075
26.2923593483 0.1000136086 5.0075011584 3.1339081181 28.9662177667
160.5574914055 0.1000306714 19.1537360228 0.1330913750 13.5556505253
38.3845444222 0.1020276132 50.9613256844 0.1000240743 6.9520782060
3.3585255061 67.0626676290 7.1212750449 85.8770524234 41.0804793967
89.9714167438 25.8341319883 67.0558754593 87.6291638381 80.0094119704
37.5247998324 0.1000143374 15.5889353244 1.1240955535 38.1621549523
6.7976240013 43.0652683378 0.1002318405 9.3782782233 10.1585975971
41.5147560996 0.1026314627 0.1011709123 19.2332047714 119.5482367541
0.1000261922 0.1000192328 14.3833029043 1.1115715700 67.8050801007
2.6975127509 2.8029913516 0.1000253712 12.3896499961 26.5098205302
0.1000244987 37.1411691576 0.1000230074 21.0587412426 0.1000420937
14.3793452289 123.3924676488 1.7610207103 7.8671466537 0.1000197584
