-303.86976
-1946.01918
-476.48697
-524.97508
-491.13020
-941.91257
-795.70456
-845.06963
-697.84018
-1205.99098
-277.99154
-1287.27883
-214.03098
-927.23973
-1759.51867
-2403.24935
-160.60810
-781.03968
-1402.56751
-963.88240
-597.41549
-1348.92292
-420.63863
-717.90592
-667.98722
-874.87036
-433.82586
-852.59304
-632.20349
-4055.86614
-775.54311
-239.97042
-766.12970
-423.60112
-1485.72713
-1712.58815
-1719.25732
-374.31804
-805.94855
-1691.20761
-1077.92053
-213.03628
-349.16451
-318.41629
-361.29085
-1268.81852
-778.20228
-1659.29540
-595.82966
-341.19000
-267.59903
-861.29475
-1001.69295
-5837.90901
-563.28505
-406.06385
-1740.80998
-686.65919
-654.87273
-268.15529
-1137.05518
-362.87252
-601.15818
-1082.23084
-1104.12835
-574.88092
-322.15622
-523.33782
-483.55604
-1262.03413
-207.80851
-1402.96884
-627.82167
-197.58956
-2082.69040
-564.73456
-863.99917
-479.53787
-567.12389
-1028.22213
-1518.78697
-400.97454
-2344.70986
-1082.52758
-575.79018
-334.40322
-322.07578
-5255.36348
-1435.05108
-347.67030
-372.53553
-1216.23753
-556.03275
-450.36234
-917.07313
-903.65817
-428.28089
-235.09049
-2677.94235
-244.94856
-1605.12192
-1222.26270
-2893.06525
-548.43229
-322.08392
-510.06780
-1535.48720
-1105.05830
-568.10052
-351.04831
-506.69590
-291.34477
-238.67855
-364.00284
-1496.26697
-437.43012
-544.06159
-251.97756
-1311.53632
-284.42436
-1023.99264
-564.10828
-1526.22270
-1843.00275
-180.49428
-546.12240
-515.93870
-433.41739
-1244.52876
-257.81764
-882.11229
-360.34193
-695.18507
-542.59821
-229.45644
-642.77965
-1207.24855
-980.37787
-428.85812
-1106.61963
-929.73553
-456.03733
-378.52514
-203.43628
-379.23784
-2319.10208
-439.32309
-1097.63393
-2275.61504
-312.54808
-484.78577
-1521.56188
-1380.90209
-458.69849
-353.67952
-850.25990
-2120.80814
-1558.68062
-678.53378
-355.93492
-1831.82754
-1286.68395
-266.40859
-995.22276
-4681.96878
-1537.42322
-888.72604
-452.77387
-531.38432
-973.06681
-288.07560
-375.77485
-923.75512
-426.02695
-1994.02377
-1940.79809
-1660.47731
-290.70372
-2603.73996
-235.89913
-1107.66408
-3051.99292
-449.16809
-1415.13448
-1163.84625
-476.89527
-490.45942
-1580.23598
-479.79689
-247.40544
-557.54611
-998.34043
-479.55737
-198.01916
-533.13245
-793.24706
-2952.86646
-276.96328
-321.08844
-298.35582
-199.63629
-816.99699
-937.56406
-1942.71432
-234.62994
-1219.86997
-461.21706
-268.21321
-450.79138
-6040.53869
-376.12313
-1623.32163
-209.97905
-228.99709
-207.64628
-535.89758
-1343.07501
-565.78487
-789.16592
-292.12332
-357.38818
-1071.26274
-5028.65739
-819.46284
-913.79723
-1403.34188
-231.40139
-464.16759
-430.85569
-2587.75881
-234.54689
-757.51247
-665.57229
-697.90222
-1619.64382
-539.85167
-693.15668
-2124.89312
-754.31882
-174.13167
-667.70632
-1287.58885
-245.12745
-450.13852
-378.63534
-373.84750
-1259.41150
-451.08502
-5476.73130
-370.50090
-864.34054
-1232.17687
-512.13473
-1451.40203
-2395.83175
-1892.52011
-897.55195
-1969.22521
-578.78063
-463.11716
-928.03674
-633.94333
-506.60497
-2554.55746
-1066.04897
-583.50200
-279.83880
-1048.66845
-276.73180
-1669.73559
-946.21639
-218.19982
-684.06396
-480.64652
-1967.96157
-1341.48987
-244.30994
-893.37159
-1950.92364
-502.85942
-420.18599
-1152.50945
-512.62679
-235.95265
-820.22296
-406.39826
-295.13235
-1159.71854
-878.49987
-1698.45936
-1290.18417
-756.25157
-608.38179
-1478.00865
-378.55120
-426.34216
-399.36450
-221.85062
-685.24121
-722.02766
-454.77140
-2935.15423
-1430.69130
-612.37261
-2202.99811
-800.26813
-659.19952
-2655.38070
-725.37842
-278.32583
-575.88629
-234.57828
-751.76918
-587.27878
-400.28631
-285.77946
-429.14270
-803.49718
-458.01481
-836.33443
-504.83504
-2935.67439
-581.86928
-330.54805
-428.58382
-1472.26781
-3237.67274
-586.65308
-702.92900
-469.39703
-1535.19854
-556.61519
-409.77493
-289.10263
-879.45491
-1669.45302
-1405.68278
-669.10205
-934.50430
-331.08514
-951.25998
-687.28274
-274.28014
-574.22627
-527.07638
-847.19238
-342.71973
-1703.53860
-1164.81507
-268.83490
-1426.75055
-374.42503
-1071.94221
-709.46169
-1104.86803
-1797.78104
-2111.34174
-686.99253
-312.56459
-1141.68405
-263.31106
-190.48713
-1205.48250
-919.58212
-469.34043
-1623.82171
-640.48358
-227.99302
-895.75553
-630.01736
-2008.26522
-598.31012
-535.81522
-1010.20617
-484.77602
-1713.78510
-707.79087
-1372.15497
-1130.23488
-507.65125
-1124.34193
-554.32009
-554.23864
-332.56439
-1400.49581
-898.11480
-1001.73061
-975.26611
-617.02642
-270.30722
-729.18730
-441.59422
-298.07873
-704.76396
-510.59280
-306.24793
-763.86785
-908.93381
-848.35574
-1162.50722
-1726.45021
-1695.91517
-1366.04267
-1129.56193
-503.42310
-196.61021
-306.24793
-1058.63385
-481.39270
-2786.94700
-570.50503
-827.76100
-411.85158
-596.36452
-505.85177
-625.13101
-1656.64589
-526.58263
-274.37309
-478.57674
-562.64717
-630.24335
-2369.03895
-1792.89474
-333.18995
-485.27105
-502.88584
-1436.83899
-251.94678
-741.78634
-592.77767
-1365.08944
-876.08402
-846.92645
-1113.30107
-260.95396
-1171.83888
-416.37259
-1218.96146
-508.67419
-284.51988
-433.54174
-533.55984
-625.54482
-308.83330
-1125.59844
-1072.82786
-638.28500
-161.32934
-856.10781
-1213.77109
-945.80425
-1241.16117
-162.45020
-541.05293
-599.77558
-438.77142
-311.56369
-279.43132
-848.03317
-165.12009
-163.65547
-336.54990
-268.09861
-314.25123
-454.85441
-1120.71892
-290.97787
-244.64285
-626.66413
-173.43467
-173.01730
-352.10420
-1033.66812
-323.69841
-472.84942
-795.28377
-664.53637
-422.24950
-510.47358
-742.76653
-208.20106
-581.54941
-2044.12769
-688.02940
-566.30480
-1469.54494
-548.82226
-841.16703
-437.68755
-1284.51964
-1651.16311
-1950.90719
-654.75788
-987.86218
-459.52480
-777.26723
-815.42369
-1057.68340
-914.85254
-184.94596
-191.77408
-619.61568
-532.82035
-2294.60687
-1282.46909
-2106.38996
-678.62471
-1231.09937
-196.63872
-411.68885
-882.19218
-766.94343
-1184.40619
-282.15500
-579.50369
-434.32236
-255.98530
-599.10840
-343.20966
-316.08635
-2116.75985
-220.93691
-469.44114
-717.25342
-872.49999
-299.67046
-535.47333
-1073.14304
-637.85052
-581.71156
-509.38383
-514.03835
-641.62022
-540.18589
-205.47382
-651.34731
-589.74202
-581.01022
-616.80813
-3704.82839
-751.06542
-1856.97811
-731.60187
-926.47245
-602.57233
-537.15599
-875.44483
-2030.09656
-2273.75393
-481.37098
-3145.37732
-1264.98653
-821.77170
-2625.66384
-637.27874
-241.39440
-509.12016
-2189.27984
-1113.47593
-377.31797
-2594.08204
-1054.25813
-2511.55249
-938.12904
-1496.08494
-563.64921
-554.16283
-175.47288
-1226.05586
-308.46868
-659.40502
-635.41198
-1566.60889
-579.30077
-2521.94453
-523.28456
-856.53820
-460.32277
-279.84771
-1558.06760
-1416.10251
-176.14839
-1437.94910
-2111.08395
-153.24512
-203.49107
-177.45569
-795.49231
-1325.37324
-1634.66662
-202.01001
-377.98638
-712.60071
-781.12021
-332.21266
-562.41996
-592.02943
-552.95473
-1572.02877
-743.51613
-723.35034
-578.09169
-601.89645
-936.97686
-1210.22510
-1307.72663
-856.69824
-1195.34488
-561.33240
-812.05194
-479.06135
-267.61066
-535.00516
-529.08520
-865.62636
-922.88954
-1075.63433
-1490.37692
-276.88439
-1302.25171
-2460.56652
-404.46034
-492.93722
-992.19718
-510.28783
-532.41981
-726.66038
-187.78042
-474.99006
-1349.33387
-325.78935
-464.79960
-1273.71137
-835.85764
-639.89616
-641.84448
-272.62381
-713.07647
-2775.26205
-498.15172
-1858.80182
-420.89333
-406.13585
-462.66224
-1103.68500
-1171.22944
-908.12414
-243.03257
-568.88810
-826.97659
-912.75905
-598.47158
-692.59520
-1374.05005
-1211.43388
-1679.20343
-792.14228
-778.72133
-923.54163
-220.30325
-451.89185
-1109.48183
-145.10944
-1041.41602
-607.73148
-238.29481
-361.07652
-959.18658
-624.85945
-1622.65326
-155.38099
-526.72508
-186.01661
-689.16946
-326.12453
-395.86129
-604.90412
-2472.48079
-2351.13834
-641.04590
-710.91530
-2383.40523
-566.11323
-418.89619
-2117.30728
-279.10886
-597.73868
-577.37046
-296.91316
-1425.44680
-875.14692
-333.30391
-1074.01523
-1327.32084
-1332.14654
-1058.77635
-294.31871
-768.57089
-1315.22044
-1554.55886
-845.68974
-1022.11108
-433.88181
-1237.32720
-603.65407
-462.86286
-186.46278
-1564.78720
-1515.66951
-261.86384
-1562.98264
-432.79084
-722.76727
-1047.30662
-649.38540
-248.42799
-2804.71496
-611.39230
-188.04375
-737.88605
-829.28587
-255.35277
-215.92565
-173.16539
-501.04376
-238.12855
-154.26353
-811.02316
-224.36987
-221.63928
-650.34910
-182.22777
-709.73271
-121.01184
-413.05997
-281.16128
-377.71296
-243.21097
-627.92994
-858.11528
-399.71858
-1286.50566
-197.24088
-1694.63195
-768.14691
-592.86936
-429.07517
-177.09846
-403.93561
-2144.85361
-282.32770
-2302.87388
-419.77704
-999.19492
-1405.23019
-306.20061
-713.61709
-248.51800
-916.79674
-1220.58127
-441.34178
-1303.32529
-625.48419
-1324.46784
-2347.49325
-637.13972
-455.23098
-1205.50520
-546.92285
-276.13168
-346.53442
-930.63653
