-303.17654
-1974.29140
-490.91841
-537.79789
-492.03046
-954.14170
-795.09545
-837.38886
-696.95377
-1216.18045
-281.73402
-1299.17499
-217.43857
-969.55288
-1763.23281
-2406.48853
-171.42852
-791.45181
-1418.70197
-973.08210
-601.60189
-1350.49764
-417.27221
-719.88776
-727.96294
-874.15586
-428.81873
-858.69760
-645.59369
-4080.26320
-771.43835
-239.29081
-794.06570
-440.08449
-1467.15650
-1856.70529
-1728.29314
-372.62802
-810.31985
-1715.66150
-1078.11751
-214.43237
-355.84812
-326.52108
-381.69287
-1271.80477
-776.44046
-1637.98410
-592.52440
-336.15156
-267.69872
-857.56561
-990.66242
-5936.26190
-570.30807
-405.07042
-1737.75274
-689.57241
-653.30900
-267.45494
-1149.89523
-363.44519
-611.27397
-1078.84244
-1105.47956
-579.64780
-317.76989
-543.59103
-484.44593
-1258.94072
-214.21421
-1402.66045
-621.87478
-198.14732
-2093.61233
-566.95159
-857.90042
-483.46114
-586.28565
-1052.19283
-1562.47067
-427.14127
-2371.83430
-1080.41763
-579.72376
-328.91953
-320.18049
-5297.59671
-1452.75214
-349.77284
-368.20014
-1214.04049
-559.16418
-454.03630
-951.27379
-911.29474
-429.35960
-235.85642
-2682.89681
-245.78929
-1607.71418
-1224.78477
-2909.69621
-547.03771
-323.47721
-502.64899
-1541.95460
-1098.41865
-573.32362
-352.75428
-490.82641
-292.05048
-238.92949
-368.54902
-1501.35046
-459.71240
-533.11822
-253.27153
-1305.53155
-281.80948
-1029.34858
-559.96246
-1512.58256
-1850.44724
-173.90292
-555.79097
-525.73917
-443.02571
-1234.87305
-259.17115
-885.13446
-356.85153
-694.58788
-540.97606
-231.61039
-679.18586
-1203.32991
-976.70458
-433.08981
-1102.66086
-964.26285
-475.43126
-379.63812
-201.12443
-384.11595
-2322.13980
-448.49532
-1133.73421
-2330.54862
-304.13342
-488.94107
-1552.70361
-1409.43626
-464.56678
-359.02761
-853.86684
-2146.71208
-1561.00932
-692.67711
-358.22026
-1827.25412
-1289.36892
-260.29759
-1040.98270
-4683.91540
-1539.27697
-905.72289
-451.39393
-533.37340
-989.03065
-284.53014
-365.87239
-927.30343
-436.61109
-1996.50448
-1940.32243
-1669.64175
-297.69495
-2588.07209
-239.12091
-1122.55205
-3055.59545
-454.29690
-1419.29711
-1133.33581
-485.58385
-492.74893
-1606.62226
-474.22289
-248.14018
-554.53386
-1040.98498
-480.97247
-202.15467
-529.56785
-800.52583
-2965.34886
-279.43159
-323.82832
-292.19512
-198.38214
-822.83417
-961.15735
-1994.90301
-234.96948
-1220.35031
-470.99109
-266.16339
-447.70248
-6081.15038
-375.53738
-1630.41904
-214.31136
-229.82749
-203.51959
-538.36633
-1340.95058
-564.37503
-778.94281
-290.94396
-364.69178
-1066.64077
-5023.92940
-818.40687
-912.72403
-1407.48694
-228.15111
-464.00421
-441.91661
-2609.90487
-236.74266
-762.06726
-747.35897
-702.13241
-1679.94486
-546.51993
-687.50050
-2262.71331
-743.14255
-171.53733
-672.99269
-1295.72691
-249.03150
-449.17061
-388.54129
-374.45107
-1254.27073
-453.11117
-5525.20799
-371.32127
-875.27016
-1232.08865
-517.07401
-1454.35232
-2425.08730
-1890.13119
-910.88171
-1992.34035
-580.41066
-470.51892
-933.58717
-645.64051
-511.80912
-2628.74278
-1073.87665
-574.19540
-287.37768
-1048.53662
-280.12480
-1659.69591
-937.91784
-222.70992
-726.93889
-478.91847
-1963.76486
-1342.88198
-242.49617
-883.93618
-2148.41826
-522.77844
-420.50193
-1143.46266
-509.80166
-232.82380
-803.74311
-401.57776
-294.48291
-1171.71397
-880.83423
-1708.10863
-1304.39957
-749.66023
-606.83215
-1481.58708
-379.20858
-427.48523
-403.75780
-227.12481
-684.85358
-728.54004
-446.50398
-2928.91828
-1425.38423
-604.57247
-2166.01155
-805.47580
-658.22722
-2662.81229
-725.72390
-273.81323
-578.51042
-235.52343
-752.40056
-599.31203
-407.74298
-283.42062
-428.83806
-795.24972
-447.86774
-833.96389
-504.24028
-2941.85326
-584.39163
-334.30111
-422.01581
-1481.34516
-3239.88725
-586.85795
-698.44633
-468.29169
-1555.57494
-554.65527
-413.66712
-288.41377
-884.44339
-1688.82394
-1411.20088
-668.28548
-920.12877
-326.71885
-975.57507
-674.40022
-282.60132
-573.99802
-524.92268
-857.63108
-344.06571
-1692.22121
-1166.45427
-301.14390
-1431.42656
-373.40728
-1068.88844
-709.73671
-1122.87194
-1801.67543
-2112.26504
-694.10454
-310.29082
-1150.89749
-260.25085
-188.98915
-1206.34900
-911.51280
-475.73422
-1636.82605
-614.22171
-244.58852
-903.91297
-648.75335
-2011.17617
-594.61226
-537.42106
-1011.09718
-489.49647
-1695.00456
-744.65339
-1355.30742
-1133.89376
-516.12289
-1142.58586
-556.80000
-540.94757
-328.67417
-1394.97484
-902.81340
-1015.37668
-967.13322
-612.51392
-270.80971
-717.91920
-445.01632
-303.34074
-691.88232
-507.90049
-306.66130
-759.42138
-908.65646
-847.22781
-1172.62433
-1741.81984
-1690.02410
-1411.09724
-1140.25741
-500.45764
-198.80332
-306.66130
-1054.63869
-489.78364
-2797.71141
-560.43010
-819.47150
-410.14529
-595.75767
-498.60835
-630.83667
-1656.71518
-530.16983
-285.43446
-475.16880
-573.42721
-631.63578
-2352.65076
-1804.45920
-326.96696
-489.23566
-504.60811
-1444.98068
-247.04606
-741.99047
-589.53872
-1354.69541
-861.76931
-847.88222
-1109.24625
-261.36742
-1166.48531
-412.89402
-1219.92452
-508.58657
-275.49620
-433.15175
-518.79108
-629.50448
-308.58097
-1139.47465
-1080.53439
-633.33998
-162.27871
-854.57886
-1210.68083
-947.05773
-1247.02966
-160.79465
-545.18103
-596.02879
-436.04154
-315.34788
-282.43188
-851.98902
-165.48101
-164.95112
-335.88091
-269.85898
-311.59308
-458.33490
-1122.51217
-292.91643
-244.12141
-634.83646
-166.75981
-172.51948
-353.08642
-1031.56161
-324.42724
-471.14196
-804.35419
-668.34623
-425.71328
-500.97274
-720.45967
-208.40491
-587.05473
-2048.23491
-695.58541
-564.45575
-1470.64411
-549.10032
-843.11097
-430.82105
-1284.78075
-1657.68813
-1980.75480
-657.45157
-985.42552
-454.99398
-772.12130
-817.42958
-1055.75600
-898.53714
-184.82862
-193.23060
-614.20382
-518.90874
-2295.32374
-1276.72996
-2108.88465
-675.34475
-1240.46022
-192.84206
-413.06352
-896.38028
-770.58805
-1184.91757
-280.66993
-574.91809
-417.48490
-257.14430
-601.21087
-343.27888
-320.37148
-2111.32960
-222.02997
-473.99773
-722.25920
-881.98934
-303.37071
-528.17086
-1057.88581
-642.20551
-585.38373
-516.02966
-519.19236
-636.50211
-529.30193
-211.00048
-651.20490
-587.73106
-578.18774
-615.17957
-3706.02525
-742.82607
-1851.38020
-727.45462
-945.40478
-603.76919
-524.67490
-863.01205
-2026.19605
-2262.02813
-484.89094
-3109.41991
-1280.28442
-824.21015
-2626.30423
-644.07073
-243.73300
-514.15049
-2184.61909
-1118.84736
-380.01487
-2582.47196
-1128.23425
-2508.35916
-998.08524
-1496.91910
-570.00670
-558.34707
-176.76713
-1241.86641
-308.67230
-664.52743
-661.94453
-1550.35440
-569.67586
-2509.28395
-520.58285
-852.10056
-458.40664
-272.47785
-1558.80794
-1416.35863
-178.06453
-1453.60309
-2099.27213
-154.71885
-203.76729
-177.31415
-810.62749
-1328.95098
-1610.92710
-203.32460
-381.85455
-737.03724
-783.09837
-332.61061
-571.84905
-595.49220
-553.32482
-1570.88742
-798.98994
-707.81699
-586.90848
-607.78233
-939.76184
-1204.68687
-1328.52209
-860.09901
-1184.90443
-564.03486
-811.16357
-497.26192
-269.29196
-547.25501
-507.15521
-856.78231
-942.94599
-1069.29593
-1485.23649
-285.11119
-1331.46203
-2483.89992
-403.36597
-498.88192
-996.16867
-503.74305
-534.52375
-731.61571
-189.97013
-479.07323
-1357.33407
-324.20537
-462.91159
-1307.53367
-846.18303
-667.74297
-656.87226
-275.46822
-687.50287
-2762.31038
-508.20364
-1862.80280
-423.14854
-391.73108
-451.21146
-1098.97992
-1162.44584
-964.98842
-240.16452
-573.97180
-834.31377
-912.21970
-601.86336
-690.42046
-1334.74586
-1218.27950
-1718.00557
-791.27811
-787.04061
-926.09004
-220.99702
-449.69156
-1106.31221
-146.49238
-1049.07440
-621.24081
-237.54401
-365.62017
-954.67161
-641.24604
-1698.41992
-156.34165
-530.35683
-188.39390
-686.16729
-331.62112
-411.12033
-607.86449
-2517.92453
-2358.52610
-622.94910
-720.52373
-2391.54060
-563.11728
-420.42056
-2138.01384
-289.83548
-599.73069
-570.13438
-305.16726
-1424.47883
-902.01239
-334.25964
-1072.64878
-1342.70518
-1311.32526
-1057.30277
-292.00331
-756.25549
-1324.79445
-1569.83005
-850.06632
-1044.16613
-436.66245
-1232.41249
-600.59096
-468.06369
-184.97123
-1566.49636
-1527.87065
-258.70868
-1577.02863
-449.30453
-722.13146
-1048.54876
-666.75618
-250.07750
-2830.59502
-614.37469
-189.87196
-740.72735
-832.67157
-254.99658
-213.29730
-173.79669
-502.79245
-238.60737
-154.77280
-830.64176
-224.12927
-222.78065
-651.37463
-183.15165
-695.46017
-122.06077
-414.36917
-282.46797
-372.90412
-242.73951
-626.93980
-863.81018
-397.54154
-1284.95905
-197.40587
-1700.06558
-773.69467
-595.85364
-428.03101
-176.74695
-404.55563
-2142.93043
-284.39909
-2367.47506
-420.05276
-998.74210
-1408.42165
-314.67995
-714.88580
-247.72049
-929.27727
-1223.19897
-421.22708
-1317.70406
-642.33999
-1323.18775
-2338.95384
-634.82978
-456.42245
-1221.51034
-545.97311
-275.07854
-345.40023
-931.05883
