-285.27127
-1919.49783
-459.27193
-511.71457
-496.11655
-927.20428
-746.63142
-766.98311
-680.55735
-1198.09092
-274.46576
-1251.79382
-213.08179
-901.13145
-1736.89073
-2342.53695
-161.65468
-786.98118
-1374.12843
-966.55275
-586.89620
-1345.11551
-389.46338
-722.79133
-668.77656
-873.65836
-400.82167
-845.97833
-616.20210
-4110.95635
-752.96845
-236.17477
-789.10572
-423.13537
-1431.56208
-1695.35845
-1725.69774
-370.80691
-769.91020
-1653.59925
-1080.94617
-216.88372
-336.77730
-319.59349
-369.21914
-1247.76960
-765.23789
-1612.56508
-592.50746
-342.90418
-264.62814
-823.15434
-989.05052
-5833.42340
-526.28501
-403.14189
-1712.73179
-684.13248
-655.13964
-264.67257
-1116.00790
-371.89517
-597.50311
-1063.74634
-1082.49060
-567.23267
-303.76359
-492.16673
-464.23659
-1241.28611
-215.05758
-1363.17332
-610.93636
-198.60669
-2041.17266
-538.51577
-846.85533
-471.28011
-572.10334
-1034.23302
-1455.94188
-404.01946
-2350.99661
-1085.57311
-568.16574
-320.25842
-331.71518
-5216.88227
-1436.66203
-345.51543
-352.50130
-1199.69994
-560.47677
-453.46596
-933.24115
-939.00604
-421.48292
-223.79530
-2690.27152
-246.03617
-1611.48947
-1232.86887
-2875.68171
-542.42976
-321.02995
-510.70873
-1518.86960
-1061.30744
-564.80292
-353.15700
-498.37494
-292.60023
-237.32292
-350.83996
-1483.11782
-409.12919
-543.38401
-253.02436
-1234.63490
-285.57325
-992.37518
-567.06042
-1520.83700
-1841.67546
-177.50229
-549.29772
-521.06248
-424.82322
-1207.27866
-256.56725
-880.52843
-350.56920
-701.74964
-521.21264
-232.72877
-656.97277
-1190.58770
-965.15556
-428.58688
-1103.74281
-942.84024
-465.34656
-375.95705
-196.77144
-377.80617
-2318.62398
-442.03522
-1048.01871
-2288.50340
-298.32774
-462.68694
-1485.61864
-1335.04793
-453.82842
-357.17637
-847.62954
-2130.41498
-1555.25030
-689.46927
-347.37982
-1841.61743
-1269.97807
-263.89317
-1004.31293
-4613.12708
-1527.12420
-899.45290
-445.33546
-528.18019
-968.03638
-293.47345
-351.43965
-932.75496
-420.45386
-1895.05569
-1932.26280
-1612.45631
-295.75640
-2437.07795
-229.28557
-1084.53152
-3020.27529
-440.85048
-1403.05300
-1037.92013
-464.58846
-469.91154
-1592.51510
-461.10203
-231.75125
-559.05649
-1000.10645
-488.19072
-198.71832
-523.40396
-768.31608
-2816.42768
-274.39153
-318.92788
-286.26436
-191.48930
-813.65499
-941.44210
-1925.26792
-231.37948
-1218.82083
-439.96859
-255.02475
-447.19253
-5974.08309
-372.57891
-1617.06271
-202.94372
-225.30083
-199.58167
-537.84389
-1308.90812
-558.19223
-769.87371
-294.13610
-367.94439
-1065.89016
-4909.93775
-810.67214
-910.57897
-1363.56682
-236.35449
-455.75551
-421.82131
-2570.98913
-233.06925
-761.72772
-672.57722
-676.49191
-1576.25134
-525.99369
-686.40091
-2128.78246
-735.10279
-172.62940
-664.27626
-1261.32560
-233.79313
-444.91737
-368.76688
-373.69460
-1247.64138
-427.47423
-5422.87711
-367.03239
-857.46572
-1223.68060
-503.93725
-1457.12460
-2283.85084
-1864.46771
-900.23900
-1923.75781
-579.09443
-468.64217
-908.63116
-623.46249
-489.66473
-2544.21187
-1046.24897
-571.55757
-286.66003
-1055.50197
-256.55879
-1624.71193
-947.31712
-223.15558
-708.66402
-487.94678
-1971.91194
-1333.32925
-245.66003
-895.75213
-1970.20452
-521.07116
-420.62171
-1103.87497
-507.69597
-233.19251
-798.16574
-413.78297
-293.74419
-1163.85708
-874.28781
-1694.89866
-1272.19475
-737.99696
-596.07931
-1477.39738
-370.37970
-421.88298
-404.90999
-205.05770
-676.84491
-730.46926
-411.45656
-2931.12457
-1429.88723
-606.19705
-2142.54935
-811.32526
-663.22655
-2557.61400
-679.43110
-280.68079
-561.96381
-225.37329
-741.23837
-574.61163
-393.50051
-286.79559
-430.45472
-797.69315
-458.46233
-818.86082
-508.41881
-2928.47066
-587.38729
-316.69486
-408.10978
-1503.04137
-3199.43034
-585.70593
-703.10073
-469.04098
-1490.10112
-547.67081
-404.13642
-295.36262
-874.35287
-1670.96565
-1403.65222
-653.43058
-926.77047
-314.13451
-939.49119
-662.30651
-274.22058
-543.61302
-498.31566
-832.55761
-334.30718
-1632.59370
-1160.00193
-271.53739
-1426.38976
-375.01943
-1067.76148
-704.64600
-1061.55856
-1796.43400
-2087.64287
-678.20729
-309.80668
-1152.06245
-250.02969
-192.89620
-1204.61343
-930.72530
-476.67758
-1595.15133
-604.11645
-227.45950
-880.49383
-633.87735
-2015.01680
-604.17523
-521.19116
-999.29164
-491.29898
-1694.89663
-701.47186
-1364.46735
-1117.49580
-511.73564
-1120.67622
-547.34234
-525.93210
-328.76174
-1359.19696
-869.65074
-1005.53839
-968.67695
-580.94119
-282.08443
-712.03853
-441.23592
-304.01596
-684.40996
-500.08644
-287.47738
-756.32444
-911.41743
-848.27196
-1177.95171
-1667.61787
-1681.27366
-1318.60124
-1125.33467
-479.64829
-196.68000
-287.47738
-1017.00491
-484.27053
-2701.12473
-557.56464
-812.47785
-405.38539
-577.82622
-492.46129
-584.49615
-1632.00086
-527.38032
-272.23371
-464.24094
-557.20789
-620.38636
-2233.71038
-1725.96647
-334.84950
-481.69305
-504.28305
-1435.46464
-248.75142
-735.51080
-593.26446
-1367.54953
-859.99458
-843.61843
-1116.33254
-259.21789
-1143.42078
-416.80698
-1213.63511
-505.99627
-277.07393
-429.67446
-508.71623
-621.74950
-278.25073
-1088.16077
-1067.59731
-625.61113
-161.42261
-843.65369
-1216.08963
-938.08201
-1239.75050
-163.59877
-546.55554
-591.62705
-441.85351
-296.82800
-281.05876
-850.44268
-167.28433
-159.15589
-345.28657
-266.37330
-318.23014
-456.16992
-1086.95957
-288.59566
-246.15931
-614.01954
-168.47859
-170.35481
-355.61855
-1046.22765
-326.52574
-472.30616
-783.53587
-665.42654
-419.40977
-512.32380
-697.64674
-203.92813
-589.87188
-2026.75847
-631.27689
-564.61231
-1466.54532
-550.30359
-843.78541
-429.41386
-1278.30833
-1644.65124
-1913.49859
-650.72995
-973.12676
-431.36860
-750.87205
-820.73820
-1052.30505
-862.67869
-184.65530
-192.65695
-583.55649
-511.86080
-2303.64599
-1271.81101
-2108.52235
-679.83687
-1238.75951
-196.61936
-409.72142
-907.18400
-769.80174
-1172.51847
-246.97782
-572.11199
-404.73196
-258.43945
-592.53764
-344.42245
-317.43094
-2091.40278
-227.13794
-474.18443
-737.87851
-855.20505
-294.03786
-528.51089
-1021.21639
-627.52585
-578.98099
-473.74056
-499.23747
-627.94964
-535.46091
-208.60932
-646.10071
-588.02726
-570.17685
-616.33402
-3712.34238
-714.79675
-1802.22162
-715.90166
-933.93013
-594.86023
-528.55415
-794.53955
-2025.61946
-2109.73723
-442.51982
-3033.12857
-1233.55205
-796.01952
-2523.81875
-620.49109
-228.46360
-507.44428
-2180.40695
-1111.02955
-376.97248
-2490.50149
-1063.37352
-2478.92345
-949.61831
-1485.23772
-536.62144
-548.99750
-178.38962
-1195.08620
-314.48964
-664.02095
-632.12038
-1559.54595
-558.30044
-2460.74333
-511.17619
-850.37642
-457.71226
-266.81864
-1555.39394
-1408.43250
-178.54871
-1401.19460
-2107.09860
-158.03281
-202.85088
-173.20394
-800.09584
-1299.99562
-1586.22160
-208.28235
-368.69851
-717.06827
-726.89100
-337.38286
-560.44064
-585.54293
-555.73643
-1567.07792
-758.24031
-698.12570
-577.02105
-571.83456
-930.18208
-1212.59121
-1331.98245
-855.24176
-1173.93272
-523.29129
-782.44254
-482.85921
-270.03891
-535.34045
-499.05405
-855.03197
-896.86556
-1049.12333
-1484.52959
-280.28509
-1279.12929
-2432.32700
-410.42612
-482.90238
-969.79503
-506.44142
-523.35944
-722.49489
-192.59400
-478.50740
-1309.34100
-324.43535
-469.28371
-1289.52491
-847.42352
-655.75294
-644.92570
-278.12483
-703.90537
-2704.59284
-503.07529
-1861.73533
-418.60868
-389.01188
-474.23986
-1068.50579
-1172.08768
-920.28322
-234.57927
-567.15445
-821.86510
-876.73256
-614.11546
-685.01550
-1327.91399
-1191.96535
-1646.38596
-790.12473
-778.61602
-879.37212
-220.11364
-448.71441
-1109.21295
-145.46824
-1025.07833
-606.60749
-237.30554
-356.14282
-947.33281
-629.86404
-1586.11981
-159.28272
-527.66692
-178.85722
-633.66735
-322.70731
-404.72957
-608.80015
-2388.34665
-2341.17377
-612.09799
-706.00305
-2340.92254
-552.57587
-417.00871
-2096.52962
-280.04017
-597.88952
-580.97345
-295.65114
-1377.03439
-883.05008
-325.54000
-1073.38039
-1245.05266
-1293.94587
-1067.38205
-282.38725
-762.92170
-1327.91010
-1520.78540
-840.59798
-994.52106
-428.92183
-1207.90429
-566.48831
-460.43975
-186.20000
-1547.01853
-1517.25353
-267.50280
-1569.94147
-439.83277
-701.47888
-1025.73830
-652.12980
-246.10354
-2741.13843
-609.37790
-188.41868
-721.59607
-834.87973
-259.11671
-209.66036
-173.74298
-491.57076
-239.88314
-154.18860
-792.76505
-226.63750
-226.00551
-652.74180
-181.72922
-689.84000
-120.53279
-415.90384
-282.63908
-373.55215
-241.27704
-620.81314
-828.53275
-406.66682
-1291.71433
-199.37178
-1679.61917
-770.05834
-588.08673
-424.35396
-175.98928
-407.27291
-2124.03351
-282.65286
-2288.49495
-423.38535
-1003.04957
-1415.38243
-310.38698
-708.93979
-248.38170
-925.40170
-1102.99148
-405.48480
-1322.51139
-623.66395
-1325.71680
-2338.34704
-618.28175
-448.39778
-1203.33713
-550.32673
-275.95187
-343.11739
-911.94524
