-306.20542
-2051.03731
-502.68620
-536.85047
-492.18093
-985.84065
-799.13887
-857.41632
-702.52237
-1213.47627
-283.77011
-1302.53987
-215.31465
-969.54022
-1835.57658
-2410.97974
-172.29890
-807.25854
-1425.54211
-975.95204
-605.95885
-1354.67230
-413.78288
-718.93820
-740.78196
-880.54375
-443.20380
-851.21338
-640.39597
-4091.94785
-782.17671
-254.74659
-795.51874
-435.44217
-1528.34904
-1906.91494
-1722.33866
-371.73160
-808.00881
-1820.22760
-1080.54726
-211.22363
-362.80286
-338.89565
-379.47821
-1290.34831
-776.47092
-1652.29859
-591.49924
-349.46937
-264.63892
-851.68454
-1000.53440
-5952.32183
-564.03827
-404.59785
-1739.73488
-686.36700
-653.45383
-268.00830
-1140.50496
-356.41192
-624.38111
-1073.17653
-1114.31543
-577.22035
-332.86797
-536.79693
-501.63510
-1252.69676
-216.21149
-1397.66609
-619.05692
-195.21725
-2104.43255
-563.46879
-898.11893
-478.67152
-586.88054
-1056.71267
-1617.08275
-440.89612
-2384.57868
-1077.20580
-589.23423
-328.24333
-332.25547
-5340.69770
-1492.43864
-350.99553
-368.19978
-1207.80617
-561.66230
-463.56672
-947.14237
-933.56052
-426.37572
-231.25989
-2718.36688
-255.89346
-1603.50448
-1222.16007
-2966.04211
-550.09446
-321.95370
-509.77286
-1565.97509
-1120.90162
-569.91412
-355.30154
-505.58432
-293.68611
-240.61104
-381.80190
-1528.32666
-454.70858
-562.95337
-261.67607
-1316.77991
-283.88560
-1022.04984
-571.22066
-1526.22721
-1851.31283
-179.21178
-557.91426
-522.74522
-442.65180
-1228.26990
-257.30842
-889.53500
-358.31606
-691.65828
-532.85024
-230.92294
-680.01475
-1198.08522
-978.63045
-430.07343
-1141.39760
-976.07075
-473.44564
-374.50103
-200.52980
-390.95046
-2328.39233
-460.73077
-1132.36990
-2329.66220
-321.43455
-488.60220
-1551.97989
-1454.44684
-469.86619
-369.58106
-856.44697
-2184.63627
-1554.64880
-694.12754
-358.47767
-1892.46478
-1284.68538
-260.44116
-1072.27110
-4746.67125
-1574.38547
-923.54845
-458.20326
-528.74718
-983.71387
-298.64337
-370.22546
-940.48065
-433.88140
-2007.01755
-1946.27090
-1720.01123
-303.01067
-2698.07125
-245.79731
-1118.09343
-3053.88906
-458.52665
-1422.20792
-1220.51629
-496.01098
-490.13298
-1607.20731
-474.31395
-251.40774
-572.64312
-1036.78594
-486.71475
-208.63574
-522.98296
-828.40237
-3010.59693
-281.70150
-337.19975
-319.99893
-194.06295
-858.87967
-962.39127
-1995.22798
-234.22482
-1216.00712
-480.04159
-265.10054
-452.38352
-6187.94356
-370.68946
-1627.26630
-213.82591
-233.33358
-211.28532
-531.95417
-1408.53367
-563.05596
-790.45431
-306.06680
-361.36584
-1084.27516
-5048.50083
-812.58111
-922.40732
-1417.04334
-228.96357
-482.15455
-443.04500
-2650.15419
-231.07767
-760.85926
-769.93639
-696.85226
-1707.85019
-544.92690
-698.05246
-2289.43161
-771.70531
-178.94708
-679.33068
-1322.48957
-247.23594
-457.50395
-392.22475
-371.93928
-1253.12190
-447.48413
-5610.32224
-366.79425
-870.45008
-1227.37385
-520.46250
-1449.26247
-2449.00970
-1961.92586
-924.73988
-1993.15763
-588.05765
-467.70585
-949.92506
-643.73399
-523.89977
-2637.26002
-1065.87949
-602.18150
-282.55105
-1048.66502
-275.89109
-1702.23413
-951.02170
-221.56899
-724.61144
-493.49220
-1996.89968
-1341.61500
-245.33581
-915.88565
-2159.43309
-525.05521
-430.09677
-1179.35012
-532.51390
-242.08374
-817.98524
-414.85222
-301.74134
-1192.95829
-885.52134
-1715.25222
-1304.66042
-785.92036
-601.99021
-1484.46835
-374.20581
-429.89210
-407.86858
-221.99079
-688.85485
-742.65246
-456.03018
-2927.40323
-1421.74058
-613.95115
-2260.31065
-801.51265
-664.53398
-2654.33177
-729.00939
-274.22014
-577.31639
-233.36515
-750.08132
-606.36449
-405.22052
-288.94475
-429.00704
-833.88247
-456.08104
-859.95722
-508.45381
-2941.88922
-579.22614
-329.84954
-421.23989
-1484.60212
-3235.56418
-609.96111
-737.27237
-479.22899
-1574.95832
-553.93992
-418.72856
-298.23265
-925.32014
-1722.01530
-1403.73194
-668.77849
-973.97009
-338.08960
-973.59800
-692.17097
-279.18261
-598.91758
-521.21686
-861.84651
-339.16726
-1831.76119
-1228.97922
-297.20955
-1426.71187
-375.46784
-1069.25690
-712.43195
-1140.29128
-1808.45955
-2111.51996
-698.67580
-317.29406
-1176.52452
-267.32856
-188.34077
-1201.08389
-909.60478
-472.03444
-1651.78151
-646.75291
-241.54442
-918.65073
-650.36668
-2014.04335
-587.89502
-550.21122
-1002.68025
-490.64291
-1715.68176
-749.51828
-1374.39613
-1139.81467
-541.04650
-1143.87729
-554.86129
-563.66502
-337.76556
-1390.88421
-901.79030
-1029.82225
-1023.72409
-634.26296
-267.36715
-722.12210
-452.04409
-300.15064
-696.94393
-513.24064
-307.42543
-759.17853
-928.04989
-877.43328
-1184.41149
-1777.49718
-1694.95482
-1404.59505
-1141.81414
-503.72459
-203.35919
-307.42543
-1055.19461
-500.52131
-2869.95522
-574.54145
-850.60641
-406.53660
-624.42602
-512.32142
-670.41159
-1654.48544
-537.45123
-288.15449
-470.11175
-571.04142
-655.22269
-2391.37444
-1808.45982
-345.74061
-515.05473
-517.85808
-1494.44475
-249.72001
-741.83511
-585.03643
-1371.74519
-878.78135
-854.79491
-1104.41869
-258.10189
-1170.67001
-420.14058
-1220.86114
-503.81320
-292.56755
-436.36497
-551.11358
-652.36640
-307.22980
-1159.28577
-1097.05786
-630.71805
-165.22452
-853.20669
-1208.70421
-981.78017
-1240.49045
-167.31379
-548.20151
-593.97588
-442.50522
-309.79287
-295.59447
-874.09320
-170.13078
-161.17435
-347.47805
-285.93974
-325.38842
-475.22585
-1116.92660
-308.62983
-252.99617
-630.77825
-180.63831
-170.79358
-361.83464
-1025.29239
-337.40677
-469.88826
-806.10078
-688.88837
-435.32371
-533.44643
-765.91611
-204.49192
-580.65931
-2090.09113
-700.83416
-578.88018
-1480.69482
-570.00868
-872.86808
-426.24397
-1290.84842
-1653.44222
-2050.29833
-653.05893
-984.47159
-456.14945
-777.24585
-819.23009
-1052.25043
-948.87588
-184.76807
-200.55259
-614.19148
-527.51258
-2300.00027
-1314.45555
-2126.90855
-674.75215
-1234.91160
-190.11462
-406.68316
-953.13303
-767.25843
-1192.17339
-277.03375
-595.36973
-429.11698
-261.86034
-595.21914
-364.52778
-315.98164
-2112.10972
-229.65727
-487.83630
-736.31236
-883.28577
-298.04941
-525.43059
-1065.13659
-636.10132
-597.17785
-516.77977
-540.66519
-633.10908
-539.66623
-209.88882
-647.01793
-584.89321
-603.52142
-610.45643
-3742.35642
-753.33651
-1873.80434
-724.07601
-950.87523
-602.83355
-560.04148
-894.14828
-2024.53192
-2339.29221
-509.31716
-3243.52060
-1333.23217
-862.83556
-2630.56614
-642.70877
-238.31227
-508.82602
-2191.11714
-1139.35293
-394.50127
-2695.53774
-1149.44306
-2500.55255
-1011.70812
-1492.47156
-560.10963
-553.43703
-177.68761
-1277.03257
-305.37982
-672.84516
-666.70848
-1573.78335
-592.84652
-2520.80908
-530.55182
-871.64745
-477.22378
-278.92782
-1551.53693
-1424.77119
-177.12893
-1501.26961
-2116.94739
-160.84829
-212.27589
-177.08425
-838.79087
-1335.28421
-1640.39893
-207.34687
-377.84479
-741.10700
-800.39627
-333.66203
-566.10210
-608.13393
-559.73140
-1601.46900
-807.45643
-718.75546
-590.58388
-603.69394
-945.59489
-1209.32966
-1361.93618
-854.44964
-1193.15740
-561.95662
-825.16535
-500.95767
-261.89880
-542.33108
-554.02800
-875.28374
-939.39517
-1072.37908
-1491.25027
-286.79060
-1346.70550
-2488.99093
-412.48469
-497.50622
-1030.59519
-531.79443
-529.09719
-728.52042
-192.03261
-479.87746
-1384.99137
-326.42368
-480.72781
-1353.80085
-896.21621
-664.26582
-669.88795
-275.60604
-730.86097
-2767.81573
-509.22654
-1855.83968
-430.52157
-398.35579
-483.93389
-1109.04895
-1182.95097
-961.60652
-242.52054
-582.86045
-845.96161
-944.44263
-607.85785
-696.52366
-1375.95138
-1241.91491
-1744.77565
-802.43199
-810.86034
-953.75457
-229.30020
-465.13249
-1129.30138
-152.66211
-1042.88608
-623.38018
-235.28491
-367.81662
-960.94365
-639.58681
-1723.35636
-159.91987
-530.75234
-188.58038
-701.60606
-335.06052
-407.94215
-606.12784
-2569.80519
-2379.00635
-658.40155
-723.86830
-2408.02186
-561.51988
-418.57838
-2188.39630
-293.40431
-593.50905
-586.13553
-309.11992
-1414.46777
-900.38655
-330.15311
-1066.34873
-1359.00440
-1329.16451
-1069.06887
-289.61883
-795.94703
-1352.11033
-1596.05075
-889.98515
-1034.57143
-476.66292
-1229.35604
-627.35364
-466.98123
-189.89864
-1579.79412
-1573.38267
-258.20058
-1599.71920
-455.42098
-715.76956
-1057.69303
-666.66594
-244.46908
-2902.52022
-629.84558
-195.83048
-736.58408
-867.97020
-263.88281
-218.48774
-181.86747
-496.85050
-247.48837
-169.54287
-828.41838
-226.60865
-231.28782
-669.50974
-179.49098
-730.92242
-126.36997
-410.93703
-297.03317
-381.35960
-259.08963
-621.25184
-866.53485
-400.44577
-1291.03284
-202.97196
-1730.74860
-800.26885
-613.15431
-424.51053
-180.73189
-409.51538
-2135.36204
-284.08243
-2409.63249
-435.91294
-1018.37966
-1402.12267
-313.52575
-721.33195
-261.72572
-924.28342
-1233.54422
-447.82964
-1342.55222
-643.07055
-1332.57280
-2343.74094
-649.04832
-454.49912
-1233.51956
-569.05874
-277.92559
-352.75331
-960.25765
